image 0
0.87792 41 456 170 687
0.62640 215 690 594 798
image 1
0.86793 184 72 326 266
0.75546 0 321 194 777
image 2
0.91841 242 555 377 743
0.67901 404 700 597 799
image 3
0.91161 15 207 142 405
image 4
0.91548 117 325 255 488
image 5
0.90969 280 450 369 609
0.64170 378 611 598 798
image 6
0.66803 419 94 600 391
image 7
0.75046 166 664 499 798
image 8
0.68686 1 365 213 673
image 9
0.78552 392 444 500 583
image 10
0.91335 170 107 429 754
image 11
0.86573 39 20 577 794
0.67160 55 23 359 633
image 12
0.92339 194 6 406 798
image 13
0.95051 215 50 374 602
image 14
0.92339 194 6 406 798
image 15
0.96180 140 23 402 800
image 16
0.87796 185 9 407 796
image 17
0.98119 73 104 525 797
image 18
0.91048 104 6 499 799
image 19
0.95511 151 104 465 782
image 20
0.96254 113 125 502 774
image 21
0.97136 114 86 519 741
image 22
0.82150 92 123 596 800
image 23
0.91318 35 5 569 801
image 24
0.91703 -1 6 599 772
image 25
0.85776 133 23 464 763
