0.00000
1.00000
1.00000
0.02713
-0.61247
0.02713
-0.61247
0.00000
1.00000
1.00000
0.22696
-0.61000
0.22696
-0.61000
0.00000
1.00000
1.00000
0.07543
-0.68692
0.07543
-0.68692
0.00000
1.00000
1.00000
0.08327
-0.37845
0.08327
-0.37845
0.00000
1.00000
1.00000
0.14538
-0.22224
0.14538
-0.22224
0.00000
1.00000
1.00000
0.17995
-0.25921
0.17995
-0.25921
0.00000
1.00000
1.00000
0.12574
-0.28430
0.12574
-0.28430
0.00000
1.00000
1.00000
0.18558
-0.48119
0.18558
-0.48119
0.00000
1.00000
1.00000
0.20370
-0.55258
0.20370
-0.55258
0.00000
1.00000
1.00000
0.22737
-0.72742
0.22737
-0.72742
0.00000
1.00000
1.00000
0.24247
-0.83269
0.24247
-0.83269
0.00000
1.00000
1.00000
0.25504
-0.59483
0.25504
-0.59483
0.00000
1.00000
1.00000
0.28261
-0.51456
0.28261
-0.51456
0.00000
1.00000
1.00000
0.32406
-0.49195
0.32406
-0.49195
0.00000
1.00000
1.00000
0.29482
-0.37928
0.29482
-0.37928
0.00000
1.00000
1.00000
0.30229
-0.28543
0.30229
-0.28543
0.00000
1.00000
1.00000
0.32396
-0.14400
0.32396
-0.14400
0.00000
1.00000
1.00000
0.33142
-0.07550
0.33142
-0.07549
0.00000
1.00000
1.00000
0.33118
-0.07022
0.33118
-0.07021
0.00000
1.00000
1.00000
0.35274
-0.09093
0.35274
-0.09093
0.00000
1.00000
1.00000
0.35739
-0.06828
0.35739
-0.06828
0.00000
1.00000
1.00000
0.37377
-0.10712
0.37377
-0.10712
0.00000
1.00000
1.00000
0.37881
-0.03420
0.37881
-0.03419
0.00000
1.00000
1.00000
0.39198
-0.06936
0.39198
-0.06935
0.00000
1.00000
1.00000
0.39747
-15650.33887
0.39747
15650.95605
0.00000
1.00000
1.00000
0.48267
-51.89613
0.48267
52.08896
0.00000
1.00000
1.00000
0.44818
-0.10523
0.44818
-0.10519
0.00000
1.00000
1.00000
0.43035
-0.19421
0.43035
0.27878
0.00000
1.00000
1.00000
0.42770
-0.18423
0.42770
-0.18423
0.00000
1.00000
1.00000
0.43585
-0.15498
0.43585
-0.15498
0.00000
1.00000
1.00000
0.46658
-0.20339
0.46658
-0.20339
0.00000
1.00000
1.00000
0.45917
-0.12046
0.45917
-0.12045
0.00000
1.00000
1.00000
0.49845
-0.14202
0.49845
-0.14201
0.00000
1.00000
1.00000
0.51378
-0.18501
0.51378
-0.18501
0.00000
1.00000
1.00000
0.51281
-0.16652
0.51281
-0.16652
0.00000
1.00000
1.00000
0.52850
-0.16530
0.52850
-0.16530
0.00000
1.00000
1.00000
0.53990
-0.14558
0.53990
-0.14558
0.00000
1.00000
1.00000
0.55240
-0.13835
0.55240
-0.13834
0.00000
1.00000
1.00000
0.55945
-0.12501
0.55945
-0.12500
0.00000
1.00000
1.00000
0.57651
-0.11265
0.57651
-0.11262
0.00000
1.00000
1.00000
0.59146
-0.09928
0.59146
-0.09923
0.00000
1.00000
1.00000
0.60623
-0.10271
0.60623
-0.10265
0.00000
1.00000
1.00000
0.62026
-0.09369
0.62026
-0.09363
0.00000
1.00000
1.00000
0.63431
-0.10746
0.63431
-0.10740
0.00000
1.00000
1.00000
0.64241
-0.09746
0.64241
-0.09739
0.00000
1.00000
1.00000
0.66018
-0.09701
0.66018
-0.09695
0.00000
1.00000
1.00000
0.66988
-0.08912
0.66988
-0.08903
0.00000
1.00000
1.00000
0.68530
-0.08364
0.68530
-0.08356
0.00000
1.00000
1.00000
0.70302
-0.08958
0.70302
-0.08950
0.00000
1.00000
1.00000
0.71238
-0.07757
0.71238
-0.07746
0.00000
1.00000
1.00000
0.72853
-0.07885
0.72853
-0.07874
0.00000
1.00000
1.00000
0.74045
-0.07048
0.74045
-0.07031
0.00000
1.00000
1.00000
0.75627
-0.06955
0.75627
-0.06943
0.00000
1.00000
1.00000
0.77074
-0.07448
0.77074
-0.07434
0.00000
1.00000
1.00000
0.78535
-0.07794
0.78535
-0.07783
0.00000
1.00000
1.00000
0.79828
-0.08151
0.79828
-0.08141
0.00000
1.00000
1.00000
0.81419
-0.08491
0.81419
-0.08483
0.00000
1.00000
1.00000
0.82893
-0.08410
0.82893
-0.08401
0.00000
1.00000
1.00000
0.84330
-0.08476
0.84330
-0.08465
0.00000
1.00000
1.00000
0.85521
-0.07477
0.85521
-0.07461
0.00000
1.00000
1.00000
0.87110
-0.07586
0.87110
-0.07574
0.00000
1.00000
1.00000
0.88536
-0.07800
0.88536
-0.07790
0.00000
1.00000
1.00000
0.89822
-0.07340
0.89822
-0.07329
0.00000
1.00000
1.00000
0.91372
-0.07709
0.91372
-0.07694
0.00000
1.00000
1.00000
0.92898
-0.07060
0.92898
-0.07052
0.00000
1.00000
1.00000
0.94089
-0.05777
0.94089
-0.05772
0.00000
1.00000
1.00000
0.95432
0.03579
0.95432
0.03628
0.00000
1.00000
1.00000
1.01577
0.08207
1.01577
0.08219
0.00000
1.00000
1.00000
-0.04347
-0.98910
-0.04347
-0.98910
0.00000
1.00000
1.00000
0.33290
-1.04491
0.33290
-1.04491
0.00000
1.00000
1.00000
0.42712
-1.35531
0.42712
-1.35531
0.00000
1.00000
1.00000
0.49880
-1.13542
0.49880
-1.13542
0.00000
1.00000
1.00000
0.52427
-3.92401
0.52427
2.60634
0.00000
1.00000
1.00000
0.40954
-5361.01025
0.40954
5359.96924
0.00000
1.00000
1.00000
0.36509
-0.60141
0.36509
-0.60140
0.00000
1.00000
1.00000
0.33056
-0.79291
0.33056
-0.79291
0.00000
1.00000
1.00000
0.35909
-0.90151
0.35909
-0.90151
0.00000
1.00000
1.00000
0.44641
-1.32362
0.44641
-1.32362
0.00000
1.00000
1.00000
0.49279
-1.22433
0.49279
-1.22433
0.00000
1.00000
1.00000
0.62094
-1.03799
0.62094
-1.03799
0.00000
1.00000
1.00000
0.66772
-0.85253
0.66772
-0.85237
0.00000
1.00000
1.00000
0.68794
-0.88710
0.68794
-0.88020
0.00000
1.00000
1.00000
0.70263
-0.88271
0.70263
-0.71524
0.00000
1.00000
1.00000
0.69983
-201.51698
0.69983
200.16927
0.00000
1.00000
1.00000
0.70414
-947.45355
0.70414
946.13751
0.00000
1.00000
1.00000
0.65020
-97.94192
0.65020
96.72887
0.00000
1.00000
1.00000
0.64106
-0.97267
0.64106
-0.25630
0.00000
1.00000
1.00000
0.63209
-0.58274
0.63209
-0.58030
0.00000
1.00000
1.00000
0.67115
-0.69075
0.67115
-0.69075
0.00000
1.00000
1.00000
0.70680
-0.73889
0.70680
-0.73889
0.00000
1.00000
1.00000
0.65022
-0.47964
0.65022
-0.47006
0.00000
1.00000
1.00000
0.46896
-0.23476
0.46896
-0.16421
0.00000
1.00000
1.00000
0.54328
-0.12983
0.54328
-0.10628
0.00000
1.00000
1.00000
0.55674
-0.19386
0.55674
-0.19255
0.00000
1.00000
1.00000
0.53032
-0.24279
0.53032
-0.24276
0.00000
1.00000
1.00000
0.57223
-0.41135
0.57223
-0.41135
0.00000
1.00000
1.00000
0.60757
-0.31419
0.60757
-0.31384
0.00000
1.00000
1.00000
0.62969
-0.26084
0.62969
-0.24454
0.00000
1.00000
1.00000
0.62372
-0.23929
0.62372
-0.22136
0.00000
1.00000
1.00000
0.63619
-0.23911
0.63619
-0.23227
