-0.02172
-0.05004
-0.00809
0.00288
0.01293
-0.00635
-0.08707
-0.01302
-0.02100
-0.12042
-0.04222
-0.00397
-0.07209
-0.02481
0.03036
0.02544
0.02560
0.07791
-0.02500
0.04761
-0.04083
0.12006
0.01569
0.01381
-0.00143
0.06689
0.02825
0.05387
0.06695
0.00244
-0.13519
-0.08188
0.08191
0.00905
0.04611
-0.06664
-0.04852
-0.01122
0.14470
0.03840
0.05011
0.00225
-0.01863
0.00158
-0.02368
-0.08226
-0.03203
-0.04581
-0.02983
0.10705
-0.08673
-0.22078
0.04821
0.07641
0.04632
-0.02136
0.06717
0.01796
0.06840
-0.00988
0.01367
-0.03662
0.13846
-0.14610
0.08801
-0.00683
-0.02622
-0.00593
0.05828
0.06807
-0.01362
-0.03350
0.00449
-0.02155
-0.00785
-0.03336
0.03845
0.02436
-0.06938
-0.09162
0.01550
-0.05863
-0.01750
-0.03511
-0.00457
-0.06321
-0.14853
0.02743
0.01197
-0.06481
0.17068
0.00058
0.07135
-0.09383
0.03487
-0.01874
-0.09172
-0.11788
0.05574
-0.09391
0.05726
-0.01685
0.01050
0.01947
-0.03727
-0.04780
0.01190
0.01007
0.01193
-0.01461
0.02811
0.02808
0.04627
0.03626
-0.00115
0.07469
-0.12022
0.00708
0.02064
-0.00848
0.05175
-0.00982
0.01731
-0.05828
-0.04671
0.02801
0.03826
0.10603
-0.07970
0.00796
-0.01159
0.04690
0.03911
-0.05639
-0.07868
-0.00017
-0.02838
0.05964
-0.00468
0.06385
-0.02448
0.10999
0.08290
-0.10937
-0.04154
0.04439
0.06378
-0.11410
0.06515
-0.09161
-0.00831
0.02235
-0.08262
0.03159
-0.13270
-0.01264
-0.02576
-0.02075
0.06192
0.20583
-0.06049
-0.07545
0.03971
-0.10964
0.06221
0.06515
-0.00782
0.09569
-0.23479
0.05863
0.08476
0.01149
-0.01285
0.04455
-0.01857
0.03172
-0.04739
0.00288
-0.10597
-0.06599
0.02470
-0.00657
0.01796
0.00593
0.02166
0.06101
-0.04802
-0.02658
0.05399
-0.00247
-0.04879
-0.02155
0.03307
0.00202
-0.06410
-0.00300
-0.03331
0.02514
-0.09892
-0.03706
-0.07713
-0.02327
-0.06604
0.01707
-0.02232
-0.08235
0.10909
-0.03519
0.00826
0.05465
-0.01420
-0.02012
0.09359
-0.05737
-0.05793
0.03310
0.10994
-0.04923
0.02347
-0.01439
-0.03552
-0.02647
-0.08754
-0.03009
0.05852
0.03244
0.00761
0.02880
-0.01942
0.19776
0.07698
0.02661
-0.04434
0.03408
-0.13541
0.07920
-0.00342
0.03325
0.00539
-0.14287
0.05688
0.01616
0.01677
0.01174
-0.04611
-0.09820
0.04964
-0.02306
-0.11189
-0.06514
0.11806
0.08341
0.05396
0.07229
-0.09941
-0.05412
-0.04259
0.14435
0.08160
0.04788
-0.00028
-0.04934
-0.00049
-0.02874
0.07297
-0.02984
0.01228
-0.11087
0.12159
0.08052
0.01159
-0.04300
-0.03498
-0.07865
-0.01239
0.00624
-0.02719
0.00235
0.00418
-0.07297
-0.03531
0.00107
-0.02172
0.03809
-0.00804
-0.00394
-0.05814
-0.12813
0.02726
0.00929
-0.02284
0.02617
-0.05700
-0.01838
-0.04660
-0.04460
0.04168
0.03299
-0.01116
-0.03236
-0.02024
0.06410
-0.09179
0.00999
-0.08052
-0.04072
0.05272
-0.04800
0.22904
-0.08845
0.00473
0.03054
-0.02801
-0.02423
0.02879
0.03817
-0.04898
-0.05385
-0.01717
0.06186
-0.01067
0.05377
-0.07985
-0.00899
-0.06528
0.00194
0.00312
0.01354
0.03951
-0.03323
-0.06093
0.03708
-0.02142
0.02306
0.06728
0.01963
0.09162
-0.10266
0.00276
0.17585
0.05563
0.16970
0.01247
0.05538
-0.04925
0.01242
0.02360
-0.03202
0.08721
-0.00399
0.00043
-0.02062
0.11916
0.02078
-0.02442
-0.00621
0.01643
-0.12708
0.02899
-0.03580
-0.00011
0.00317
-0.01040
-0.00225
-0.04816
0.05309
0.04189
0.02990
0.08590
-0.23342
0.04403
0.01904
0.00503
0.02973
-0.08292
-0.02536
-0.09892
-0.07576
0.01463
0.08543
-0.00932
0.02961
-0.04438
-0.04777
-0.02600
0.12353
-0.02267
0.05954
-0.03856
-0.06047
0.01849
-0.00465
0.06205
-0.13151
-0.06883
0.03143
0.00463
-0.00758
-0.01256
0.02270
-0.03779
0.02823
-0.05237
-0.00593
0.01466
0.03575
-0.05160
0.00847
0.00676
0.01431
0.04737
-0.00451
0.00653
0.00090
0.01113
0.04963
-0.06980
-0.02741
0.05574
0.07565
0.00460
0.06353
0.01126
0.02169
0.04576
-0.00005
0.14276
0.04857
0.02399
-0.04920
-0.03771
-0.06958
-0.01537
0.06314
-0.04152
0.15769
0.04195
0.01589
0.03251
-0.01958
0.00914
-0.00279
-0.02907
0.02202
0.02565
0.01866
-0.03512
0.13638
-0.06195
-0.13042
0.03818
0.00952
0.04912
0.02423
0.02633
-0.01906
0.13860
0.00776
-0.07877
0.10694
0.02560
-0.05313
-0.09693
-0.13447
-0.07125
-0.01952
0.03979
-0.04387
-0.00350
-0.02555
-0.01584
-0.04813
-0.13712
-0.13064
-0.01751
-0.05440
-0.02330
0.03126
0.12901
-0.04427
-0.02048
0.01624
0.06987
0.01658
-0.01982
-0.06690
0.06310
0.16836
0.02417
-0.06519
-0.00014
0.01200
-0.04800
-0.00380
-0.03602
-0.11576
-0.02497
0.15351
0.14142
-0.01885
-0.11252
0.01353
0.02391
0.04231
0.05549
-0.01010
-0.02765
0.04099
-0.00077
0.00216
0.00796
-0.07381
-0.02179
0.01332
0.08335
-0.02023
-0.16811
0.04896
-0.03403
-0.01351
0.03459
-0.06536
0.00596
-0.02128
-0.24269
-0.16825
0.04993
0.00908
-0.04423
-0.05361
-0.00892
-0.02576
-0.06230
-0.20705
0.00744
0.01758
-0.08235
-0.15938
-0.01575
0.11807
-0.10165
-0.01572
-0.03005
0.01859
-0.00257
0.01606
-0.05212
-0.04137
-0.00369
-0.03459
0.16109
0.06711
0.07917
-0.02664
0.03240
0.05287
0.02425
-0.03427
0.01769
-0.04354
0.05238
0.03599
0.01769
-0.05599
0.10297
0.02385
-0.06050
0.00016
-0.03281
-0.06859
0.00422
0.00404
0.04829
-0.02726
0.00597
0.04567
0.05336
-0.03411
-0.06730
-0.00328
-0.02327
-0.02138
-0.12722
0.02882
0.02346
0.01732
-0.04294
0.01439
-0.05424
-0.03612
0.03374
0.05826
-0.05930
-0.04032
-0.02286
-0.00668
0.04963
-0.08238
0.04247
-0.00460
0.10879
0.10327
0.02606
-0.15203
0.09157
0.03407
-0.02273
0.05718
-0.02670
-0.04509
-0.03143
0.01271
0.00958
0.00115
-0.12621
0.12712
0.06646
-0.06626
0.01731
-0.01621
0.00892
0.01714
0.00645
0.02754
0.01034
0.05262
0.03129
0.00407
0.07668
0.06167
-0.09131
0.06925
-0.02054
0.09638
-0.04062
-0.01655
-0.04991
-0.06307
0.02346
0.07419
-0.01346
-0.02366
0.01994
-0.03752
0.03605
-0.11118
-0.07217
0.04906
0.03969
-0.02587
0.05688
0.01360
0.05338
-0.06588
0.07504
0.03109
0.02957
0.00914
-0.03485
-0.18482
0.03993
-0.09173
-0.03832
0.07318
-0.02641
0.02949
-0.09325
0.06744
0.06764
0.01261
-0.12802
-0.07624
-0.00605
-0.09394
-0.02117
-0.09583
0.03730
-0.02210
-0.07639
-0.13248
-0.03550
0.02202
-0.04737
0.02054
-0.02377
0.03437
-0.00156
-0.02661
-0.05640
0.06107
0.00424
0.04945
0.11900
0.03077
0.02757
-0.13735
-0.06591
0.01066
-0.05730
0.05423
0.10013
-0.13655
-0.00383
-0.04474
0.03361
0.03761
-0.08766
-0.19929
-0.02391
-0.03545
0.00333
-0.03232
-0.07559
-0.02913
0.06517
0.01707
-0.05087
0.03274
0.05147
-0.09025
0.03370
-0.05752
0.04475
0.06591
0.00571
-0.01844
0.08322
-0.15616
-0.03796
0.01449
0.11048
-0.06241
0.03821
-0.02300
0.05957
0.02415
0.01130
-0.00255
0.06786
-0.01181
0.10891
-0.03366
-0.06101
-0.03906
-0.07950
-0.06961
0.10877
-0.05182
0.01691
-0.15211
-0.03109
-0.25188
-0.02117
-0.03835
0.04061
0.07371
0.01803
-0.06247
0.04710
0.07122
0.07032
0.08298
0.04520
0.03613
-0.02704
0.05486
0.09522
-0.00869
0.02932
-0.00148
0.12749
0.04565
0.00886
0.12181
-0.02054
0.02940
0.06438
-0.04523
-0.02459
0.01673
0.02324
0.00188
-0.10950
-0.00139
-0.03184
-0.12990
-0.09887
0.01559
0.02379
0.02811
-0.01550
-0.05596
-0.04523
-0.03673
0.01233
0.01193
-0.02198
-0.04463
-0.11087
-0.00511
-0.07360
-0.00142
-0.00148
-0.01365
-0.07474
-0.09936
-0.02332
0.03262
-0.08223
0.14074
-0.02978
0.00796
0.00318
0.02875
-0.01870
0.14777
-0.05505
-0.05825
0.09611
0.10576
0.10069
-0.01113
-0.05238
-0.20010
0.09553
-0.04882
0.05516
-0.11396
-0.03036
0.07373
-0.05059
0.03422
-0.01766
-0.01074
-0.07893
-0.02163
0.05286
0.02016
0.02852
-0.01849
-0.07406
-0.02188
0.02815
-0.05543
0.13048
-0.05960
0.07453
0.00445
-0.00207
0.15457
-0.02923
0.00136
-0.07116
-0.00049
-0.02138
-0.03769
-0.04143
-0.01026
0.05138
0.05834
0.03842
0.04988
-0.14946
0.01766
-0.00358
-0.06244
-0.00298
-0.00869
-0.05355
-0.06596
-0.00765
0.03210
0.00172
0.00151
0.08487
-0.02330
-0.01748
0.00109
-0.05272
-0.07036
0.01589
0.13155
-0.04110
0.04102
-0.05476
-0.09239
0.05860
-0.06567
-0.09411
-0.01091
0.02122
-0.04986
0.02420
-0.06072
-0.32553
-0.13535
-0.01814
-0.04275
-0.03063
-0.16436
-0.04277
-0.06373
-0.00919
0.06257
0.03394
0.05718
0.01144
-0.00780
0.05970
-0.01460
-0.00549
0.00511
-0.04190
0.07556
0.03058
-0.02524
-0.00905
0.11386
-0.00903
0.07602
0.01964
0.06766
0.02674
-0.00998
0.03091
0.03671
0.10770
0.07605
0.01452
-0.02196
0.02106
0.08320
-0.05205
-0.07468
-0.03739
0.01088
0.00649
0.04277
-0.00664
-0.01676
0.02328
0.08480
0.03947
0.00643
-0.01792
-0.00968
0.00476
0.08489
0.06982
-0.01778
-0.14238
-0.01349
-0.01728
-0.05352
-0.09698
0.09983
-0.01729
0.04464
0.03714
0.05798
0.06232
-0.02087
-0.03487
0.01797
0.00385
-0.05010
0.03451
-0.09260
0.08997
-0.02872
0.05519
0.02235
0.04561
0.10676
-0.08760
0.04934
-0.02314
0.13091
0.05220
0.05724
0.01849
-0.03380
0.04122
-0.05692
-0.03197
0.02549
-0.01212
-0.09367
0.05306
0.00481
-0.05030
-0.05111
0.07393
0.00132
0.04288
-0.00022
0.02204
0.15898
0.05607
-0.00826
-0.09563
0.00388
0.02680
-0.00605
0.07538
0.23777
0.00276
-0.08644
0.01531
0.09646
0.06495
-0.00620
-0.04486
-0.04816
0.02314
-0.09019
0.01042
-0.04658
-0.02536
-0.05396
-0.00329
0.15648
-0.12271
-0.04143
