23.32202
132.83752
-121.50447
213.66243
-182.46642
219.51099
-166.99973
149.23912
-181.27322
91.27148
-169.99904
68.46823
-166.72775
69.50838
-177.18007
108.04828
-179.26920
126.72551
-196.60825
139.90268
-225.15240
162.43024
-254.20035
139.87442
-223.13751
135.90857
-205.16214
103.38313
-209.21152
98.70282
-177.83957
87.60800
-169.32751
77.87036
-167.70300
101.35880
-135.53757
83.12595
-111.34531
79.00129
-97.15373
70.72161
-81.15164
55.52599
-35.62971
30.10367
-17.33850
60.31597
-48.79465
65.53442
-91.59608
72.22642
-51.11821
71.34026
-55.25727
12.66971
-60.63883
15.71223
-58.28051
39.66871
-57.60052
41.67700
-66.81903
46.44016
-76.84680
53.82792
-75.23682
40.76507
-74.88808
36.40798
-73.18577
36.62591
-75.57107
37.02274
-73.73370
35.52714
-72.31235
35.21452
-74.27731
33.44777
-73.54716
34.35294
-71.22153
35.52258
-70.71890
33.55136
-66.35173
33.22376
-64.89631
35.04302
-64.89278
34.60799
-65.24463
36.21982
-64.02588
35.96632
-65.15138
34.35046
-66.00679
35.94942
-64.83383
35.84408
-65.60279
36.40006
-66.43695
37.29689
-66.49433
36.52212
-66.72717
36.94432
-66.82715
39.43147
-66.11580
37.40057
-66.38226
39.20242
-65.68686
37.85651
-65.33225
39.14520
-69.03175
38.38489
-67.13308
41.34018
-67.09291
38.06228
-67.14771
40.69585
-78.06488
41.26398
-106.06633
52.83448
-77.65281
43.85717
-17.33572
-20.29707
42.67316
-15.62027
93.16553
40.81988
29.10622
84.53319
20.34170
-24.65035
81.10846
156.08566
56.10303
156.50836
-186.13164
223.07684
-255.20772
84.14758
-235.98383
-28.63435
-215.14923
-49.67419
-225.73514
32.51336
-163.64615
67.31575
-170.28906
74.80444
-207.37154
120.73270
-286.23193
147.65959
-306.18781
98.44907
-271.02917
36.18224
-269.39038
42.14869
-227.36426
29.45504
-200.25247
1.76690
-177.56998
-8.67656
-103.57175
-15.79448
-72.38852
-23.75023
-86.48059
-3.68845
-82.17455
11.52663
-82.41090
-46.75862
-56.54755
-55.85134
-45.48514
-65.22115
-33.53271
-96.24110
4.93542
-70.58145
-34.31102
-6.02562
-89.04005
10.13742
-106.55519
34.66282
-90.09050
28.52814
-59.42133
0.63477
-72.10036
21.65387
-102.15826
31.79749
-101.54541
16.84967
-95.76553
18.12793
-86.43500
18.66319
-75.91306
21.38815
-79.21127
20.59008
-83.05006
24.36332
-80.80684
18.09595
-79.63300
14.19487
-82.74533
15.55566
-77.70434
14.60978
-83.62352
14.44561
-83.74693
17.77172
-74.78632
10.86144
-74.98777
10.83377
-71.97459
10.64930
-71.77754
10.37061
-69.07335
14.87888
-65.50012
13.11453
-67.94070
12.81379
-68.72397
13.72780
-65.81749
11.14331
-69.44884
14.29479
-73.49696
14.65321
-72.84750
13.52997
-74.14036
13.18789
-76.64034
12.16680
-75.49771
8.34552
-73.77356
12.04464
-70.27776
12.14506
-71.11460
13.40171
-78.48673
15.27998
-99.39468
23.62230
-106.20871
15.93243
-108.63799
11.90579
-14.17569
-44.29538
108.68401
-78.40590
76.92120
-73.70163
80.72349
-39.97474
-8.03654
-167.95435
137.86919
247.26122
200.95389
211.86539
-86.91180
165.84975
-219.03136
93.87714
-216.55501
36.17273
-190.87762
27.46095
-87.83902
118.67540
-101.63573
176.88864
-22.56277
145.92831
-81.82162
179.92773
-163.68362
176.79782
-146.16266
120.13229
-114.67722
89.03854
-144.92926
88.92227
-115.54193
73.20546
-121.53253
59.08939
-54.03220
45.06582
-28.98918
62.72573
30.75967
61.40715
30.38428
85.52636
-13.14162
78.85584
-14.75331
33.37510
-0.63638
8.87001
-21.00757
24.28624
6.35301
33.69225
91.97209
37.59964
72.46681
79.27651
22.16089
67.15378
-42.93846
39.65978
-11.60546
33.56494
-29.82043
34.66737
-33.23225
55.56009
-24.98722
37.72393
-42.53040
31.47297
-37.49758
35.04164
-42.65426
38.43960
-30.16216
37.47797
-28.18375
43.27934
-33.81268
48.85395
-37.11772
44.40561
-31.51067
47.55371
-30.95810
55.06892
-32.04525
51.60310
-33.14075
54.34303
-36.89885
50.54399
-37.77844
44.31419
-33.05620
45.08807
-34.38695
46.55407
-33.12193
45.47199
-34.56111
48.71051
-30.62923
46.72992
-27.82244
49.51273
-32.26338
46.83740
-31.63869
51.44028
-26.72089
50.73961
-31.01334
53.76402
-29.86066
56.49887
-34.14040
55.47910
-30.55526
55.16983
-31.96068
55.63617
-22.45378
53.24262
-31.48603
54.95997
-28.62700
54.95443
-29.87064
51.42944
-23.86701
54.45383
-24.86873
78.14073
-27.91627
98.05920
38.03152
26.64258
72.74266
-2.21110
104.17514
-16.26454
83.85963
-19.15339
27.14995
-101.73282
231.71239
259.88278
151.92108
160.79794
-145.56067
63.18049
-173.28595
34.05412
-204.88068
36.98291
-107.70175
55.65051
3.34848
103.58157
-2.53326
138.09799
-15.28540
131.32101
-95.03134
159.73647
-207.13821
99.56614
-158.32968
38.99828
-94.33731
21.65997
-59.60242
18.38601
-45.62833
5.41885
3.58801
9.31217
51.43585
16.51175
72.34848
16.41345
53.51726
34.06422
46.91103
-2.48956
29.70898
-34.84993
2.93402
-90.40820
3.57560
-16.19998
53.34262
67.45627
84.76518
78.49194
92.34422
47.71308
45.03703
27.76723
23.06374
47.80624
-28.63004
4.79498
-23.92392
8.96128
-23.70937
11.61726
-56.11264
8.26283
-31.85387
11.72069
-32.57716
19.50330
-23.65796
30.58291
-15.99593
28.74167
-14.24408
30.09387
-13.77905
26.01576
-16.46512
24.05307
-18.35345
25.73798
-20.17863
24.03931
-16.13316
27.98443
-19.92374
31.54704
-23.83666
30.43021
-27.27752
32.70957
-24.47437
35.38174
-26.97511
30.41225
-22.66048
31.43517
-21.37987
30.17979
-22.62260
31.47654
-26.78858
35.19541
-18.91535
31.67664
-24.70200
34.60323
-20.53823
34.85303
-20.99109
33.91951
-22.66207
33.63747
-12.01897
27.25581
-11.26034
26.33599
-16.83075
28.13259
-11.23580
29.41453
-5.80695
27.02223
-3.38506
32.02504
-6.45599
29.53378
-4.40284
23.72706
0.08692
21.27147
20.40563
22.60822
18.69831
26.56355
84.97366
-9.00812
93.85688
-86.09793
46.53049
-79.04588
47.32068
-45.62244
24.40852
-103.84238
238.39220
236.56131
93.04111
148.81488
-103.18195
27.45557
-106.42596
76.21732
-195.68951
103.71095
-61.08730
81.21912
76.14201
114.17662
44.90257
155.68025
23.96286
172.14180
-99.60010
120.49622
-155.32910
51.21166
-112.63342
45.26038
-47.54556
59.77619
-33.30927
63.57811
30.43132
80.32331
73.56386
69.06655
110.55907
58.17107
95.89333
64.81151
98.44014
27.83118
76.03964
0.81142
24.04084
-31.96513
37.69293
12.72288
63.66188
80.75916
114.67236
115.90836
138.48627
38.02292
79.09383
18.04851
14.27569
29.14243
-40.20563
12.74227
-40.17751
9.41939
-16.48315
13.42456
-18.55141
9.56651
-34.80971
13.31733
-15.02452
24.52715
-5.56638
29.22891
1.34831
39.10513
-1.32320
37.93748
9.96890
37.62960
7.48538
34.25687
2.70984
35.18632
2.15015
34.86940
-0.25845
36.99869
-4.46225
39.34096
-10.87440
36.10150
-11.03546
38.66743
-17.95531
42.65088
-12.84862
43.93142
-12.62184
44.63479
-15.79603
48.79084
-16.15180
45.21753
-12.88742
47.66720
-4.63092
44.20144
-5.78957
45.63787
-7.66824
45.29372
-6.68700
46.31655
-10.34151
48.15729
-5.39471
44.29589
-11.54619
42.23814
-3.32271
42.50871
0.57669
40.66840
1.89091
40.82414
5.57419
40.65374
6.11330
37.67302
5.31239
40.90527
9.03353
37.29428
11.18482
39.14232
11.11444
39.37373
-0.48326
36.93106
20.11586
-1.83525
90.69146
-68.06245
56.08847
-53.00497
84.23392
-3.56401
-1.41298
-82.41539
196.02470
239.58618
54.09010
173.80348
-87.00113
30.35146
-85.21600
87.19590
-187.15556
120.61868
-63.77997
97.22453
37.57747
125.63694
28.16118
124.85595
-54.67328
138.19592
-153.16885
64.90414
-119.32294
47.29616
-65.09695
74.10464
-43.00284
78.52744
12.38831
84.72900
65.84189
69.93561
122.72229
44.62622
96.33813
59.89991
96.42734
21.45515
64.47995
5.83192
14.56609
-50.63517
26.17131
10.74216
64.60501
82.06110
91.05355
81.78584
87.88110
45.04021
57.86074
29.28515
12.54919
23.00913
-42.71333
5.69230
-53.07830
6.13297
-28.49422
12.44009
-17.76270
21.70354
-23.77673
25.48898
-17.85921
30.43246
-5.59817
37.45453
-2.01570
39.48038
1.35969
40.11987
7.19911
38.94324
2.15042
37.18024
4.22250
35.73885
0.83455
39.24744
2.87778
42.10873
0.59554
47.66522
3.15873
45.03745
-11.42985
43.55089
-12.69557
48.03432
-7.63512
39.97135
2.27985
39.31438
-4.02584
39.91747
-8.49351
44.40932
0.05567
39.51407
1.20512
43.94179
-0.59623
45.87535
3.03088
49.30558
-1.95773
48.25807
-1.46025
44.98881
-3.49397
46.02911
-4.75058
38.65282
-2.69518
38.70934
-3.42584
39.70113
0.71114
37.11275
-4.05300
42.39204
3.65563
43.55525
-2.03817
37.91111
1.78065
37.33725
8.09610
37.77946
12.00953
38.15459
15.74916
38.38895
-0.77641
38.91667
18.38734
12.84847
75.49254
-28.31835
49.43496
-9.22989
56.88933
13.77428
-2.38188
-82.01234
238.14145
239.59100
9.90538
187.04745
-90.19431
51.84064
-80.97754
91.01553
-139.91936
151.57671
-66.80800
137.94165
21.38715
147.72147
27.40570
113.96385
-99.56369
107.19707
-136.29510
72.62292
-71.80957
84.11858
-27.37842
85.78133
-12.70799
108.34509
44.40448
72.28288
87.23135
33.07450
134.21419
42.23665
123.87947
5.03326
60.11803
19.83748
11.55881
-18.61892
54.87354
-15.38959
62.18509
80.38902
112.06644
70.95798
95.06931
35.88665
44.16404
68.93807
-4.94241
37.63273
-43.04280
27.94994
-55.60187
13.45520
-48.27571
14.44135
-27.01624
29.37835
-12.79375
30.92666
-15.31707
40.83828
-4.64648
42.27279
-3.72789
44.36378
-1.22770
40.31647
-4.63699
44.78885
0.85843
47.45852
-4.98328
42.67086
-5.63190
46.19420
-6.91437
41.58808
6.75249
42.44146
5.13911
41.53825
4.21468
43.22949
-0.24427
45.87933
0.94108
46.12000
1.84551
43.36776
8.66135
42.04309
9.74749
42.16203
-7.58247
43.43372
-3.24692
37.31889
8.39792
35.88251
6.02365
36.80112
3.68801
41.95308
3.77469
43.31608
-0.81474
44.47977
-4.83155
45.86715
-1.85589
43.43945
-0.86497
46.89629
6.23749
45.78199
1.98647
42.50010
7.08107
46.88873
-1.61031
45.50382
1.34074
35.71865
2.15955
41.16899
9.86341
39.93178
5.81664
42.39828
9.19398
44.06493
-5.24784
46.57341
10.71019
28.73739
62.80620
-15.71056
52.61218
-0.67633
51.48047
18.79949
0.97960
-81.65585
271.11688
233.43639
-11.19000
216.70967
-88.65958
80.99448
-85.71857
83.85086
-121.32123
150.06674
-60.06210
149.24715
-1.85782
129.93289
-47.71298
106.98333
-127.61523
100.64971
-85.64944
90.56311
-13.33151
86.14615
-12.74185
102.98057
20.25655
82.76730
51.02164
31.42359
83.81879
17.66345
87.56470
4.58211
65.15144
-3.25158
46.28077
-19.61419
21.98441
21.67778
54.59203
77.61345
104.20816
60.90432
114.51367
19.38747
50.08300
54.92363
-12.44576
45.40746
-33.68427
17.81108
-52.00096
9.49888
-46.65330
17.97705
-28.45216
33.78127
-17.05519
34.91930
-13.46221
44.82738
-2.31068
48.35234
-12.18275
51.73304
-9.27691
48.20356
-11.17264
45.20315
-7.84033
48.97758
-2.04942
44.05776
-14.42719
46.11554
-6.30741
49.62629
-6.20283
46.82165
2.68070
47.90031
0.62562
46.33348
1.10313
47.82378
-1.72195
43.80093
-1.16228
42.73872
6.20085
38.68622
11.17809
37.12900
10.16565
39.20889
-0.81123
39.28586
4.46888
40.11150
6.58438
41.13623
16.24293
41.54609
6.50707
44.86095
12.49912
44.73741
5.54858
44.24872
0.96909
41.70073
4.79849
44.30577
2.54562
47.31647
0.94910
46.23911
6.76875
47.56994
2.48103
48.77718
2.60318
44.47387
0.18729
44.01701
3.58969
44.24274
9.39112
45.62939
7.42935
47.93595
4.65202
48.24750
-8.96787
49.19304
15.46048
31.79647
66.57565
-19.43016
43.27215
8.22449
44.47522
20.49802
0.29469
-85.70142
300.55817
202.15733
-12.18286
228.28661
-108.00577
95.56844
-75.43701
73.76171
-127.74121
140.43817
-43.35211
125.46194
10.04352
107.08765
-58.07272
86.77438
-107.64828
93.08188
-27.16687
67.38695
14.76962
66.35129
36.87418
70.11580
52.60609
62.77258
81.45850
54.50094
98.83755
31.72258
14.67482
27.40427
-8.83896
23.27151
9.99347
51.77826
43.07143
65.15240
149.61699
82.29156
69.93799
40.45467
27.62633
69.40436
-11.20989
38.09818
-78.19650
25.59370
-57.54945
10.77015
-39.70624
15.19595
-29.44463
38.89954
-27.63955
48.97955
-6.58353
44.79018
-2.98285
46.21848
-12.18960
46.62627
-15.57193
53.94385
-13.17084
47.47009
-9.65488
47.53837
-10.20018
52.03006
-16.67244
51.90357
-10.40311
51.81886
-16.65572
48.37915
-5.29498
46.10488
0.82761
45.39643
-1.28312
45.79298
-4.40703
42.43202
-4.61760
41.87127
-7.59747
41.41811
4.57579
41.90910
7.75814
39.31671
5.34755
42.82434
-0.71591
43.44431
5.09558
43.54356
7.79968
46.94268
15.26449
50.08205
13.43892
47.65440
9.35780
50.74849
11.70193
48.25014
5.17422
48.55190
4.79261
51.44819
3.49140
48.48267
6.32444
50.87660
8.44020
47.42791
1.64022
47.52363
-3.86823
49.86179
-4.72329
43.67770
4.28017
42.69823
7.48306
47.91514
8.60706
47.72314
4.35538
48.11597
-11.42838
52.29948
12.20159
28.67360
59.17225
-20.51877
44.99108
5.52065
35.32916
15.54681
-4.63335
-85.91848
326.22003
189.81320
-41.95784
251.02924
-152.36954
115.97301
-68.75165
69.09187
-104.88416
131.93994
-25.52689
119.40063
-7.60156
96.35648
-51.90817
82.70318
-60.42404
87.08347
-15.70078
72.18007
23.42584
77.17343
61.12738
81.83701
64.95734
100.07025
82.71194
77.67655
87.91216
29.29377
-16.91306
64.85883
-10.62669
73.05976
-17.81823
83.29172
103.66384
38.91322
139.31735
71.79561
4.50769
66.62152
-63.25828
50.63441
-77.49978
21.79754
-74.19357
19.50789
-26.66738
30.70319
8.89000
30.80491
12.38380
51.21627
-3.95837
54.07140
-10.02374
55.50086
1.45219
48.49756
-7.46999
61.15210
-13.78694
59.67139
-6.04590
50.05239
-1.83763
45.22466
-14.48570
46.95189
-19.00069
53.25737
-13.10995
39.68893
-12.18158
37.48070
-0.49116
44.24219
-6.29681
47.14548
3.19157
40.41795
-2.91789
39.90573
-3.40257
41.82448
4.14340
41.12551
12.11068
34.16365
14.06003
31.97990
20.55860
35.89432
15.23911
39.57724
21.36466
43.44555
16.55218
52.29583
17.15974
52.20966
14.84245
52.48621
9.95428
51.93078
0.20062
52.57749
-0.57182
53.24673
5.41762
52.83989
3.01424
51.80746
8.54187
49.09624
13.71761
48.89835
14.50492
45.84438
5.22040
46.50476
1.07150
48.71237
6.80474
48.76506
8.51778
49.09116
5.05842
49.41407
5.98833
49.21465
-13.05891
48.79062
9.96017
27.72501
64.98622
-18.86031
40.55268
4.61120
39.60865
15.49389
-2.97492
-85.70505
300.76208
197.35954
-47.39781
257.04626
-184.06506
152.83179
-45.61893
74.32904
-89.88910
137.77998
-32.13644
128.16046
-16.54138
95.16532
-44.95209
84.75243
-26.21057
87.01810
11.20552
101.33108
35.21387
74.06038
71.17923
72.98898
65.87811
74.09511
85.64578
-5.41651
88.97862
8.79387
-23.84134
-10.65474
-72.14725
29.80903
15.11248
68.68449
162.88611
-43.53585
152.04738
20.83712
30.09859
59.06810
-127.47978
47.09638
-76.37682
-6.05495
-12.66100
-2.81438
-2.94119
30.50134
20.71593
29.33558
8.96258
37.70167
-0.02171
44.99727
3.78355
40.96075
1.30042
42.27201
6.46030
40.62653
-5.72341
38.54842
5.64628
41.63407
-6.60742
39.15197
-6.90347
50.70823
-20.66270
45.42115
-12.40697
39.34952
-0.95656
37.15517
-2.03981
48.48341
-5.66199
49.69677
-9.62341
42.35563
-4.47395
40.66306
-1.15511
37.09004
5.52645
37.32558
31.72613
32.59042
29.41264
37.25587
19.60206
42.15478
12.09933
46.49854
17.25671
41.15168
30.39702
48.22943
16.81956
45.75603
21.34229
44.44613
10.13893
45.40871
19.19457
52.01257
21.17191
49.14971
18.27721
46.53701
19.96363
53.91706
18.86678
54.54772
10.12499
50.69550
2.80305
50.40678
-4.01982
51.67620
-0.67949
52.87762
4.96041
49.28021
6.93159
47.85043
11.29172
49.16574
4.23716
49.01096
-17.12306
53.28777
17.72459
27.68561
63.73499
-19.97971
40.75486
3.48326
39.00867
9.65476
-4.42912
-87.42084
329.73022
188.57657
-56.12883
259.60208
-181.93457
134.87755
-31.78079
78.85102
-52.48895
132.56204
-29.56708
113.75412
-29.55115
91.86845
-27.59152
83.69937
-6.68872
100.39465
29.60925
103.25269
75.81386
68.68903
129.06461
47.19747
43.22733
50.66612
92.76569
-12.34622
120.94671
-56.57256
-2.81050
-55.14197
5.75469
44.61128
103.07339
71.72446
172.92628
-15.48450
146.81017
60.25478
33.74602
26.99874
-81.56369
-17.55391
-48.12677
-62.41802
11.35892
-20.39043
19.58272
25.10057
24.89158
10.66054
0.09521
25.42298
-3.22752
29.51694
-2.06834
29.61972
3.12990
29.35022
3.98582
26.72198
9.38364
30.77791
11.56641
32.92802
9.48291
33.63427
11.12212
40.17236
3.39601
33.37864
3.66225
39.52930
18.70351
38.70763
18.69305
52.47629
12.31890
45.94939
7.87006
53.45329
9.24364
52.86123
4.73917
58.15421
13.76711
48.10600
-10.45822
45.63871
-18.14122
46.82953
-12.90384
49.38417
-8.22343
29.90625
0.58408
27.84663
5.46037
35.32044
9.76229
39.22219
15.00331
40.47898
25.74413
44.31910
17.36556
46.62091
27.20135
40.73971
26.45974
39.22654
27.78680
42.21721
15.86874
41.64433
15.79548
53.01922
13.78272
58.77199
-3.76324
53.37947
-0.13110
51.74211
9.93002
46.01032
4.53088
51.24727
10.38725
52.66049
3.18582
51.30481
-10.57938
52.71572
17.51852
29.10983
61.33765
-15.69064
44.76178
3.35042
42.48294
7.91478
0.36793
-86.33122
307.37451
202.09964
-38.37035
247.24397
-192.36520
131.44632
-20.45163
91.71542
-38.66739
128.51831
-16.15875
112.29527
-13.50616
101.97704
-1.65967
99.26807
0.01273
119.58122
19.93503
91.14622
118.37912
51.44185
120.41513
75.53912
35.22552
47.72576
103.43377
-30.21543
38.00875
-32.43607
-35.42384
20.38702
66.34209
117.70426
111.27132
94.54543
164.87497
13.48147
47.65407
39.53114
-49.62389
5.04799
-86.09830
-34.31509
-16.34381
-24.81396
15.78544
23.55894
12.66897
26.05047
11.44431
14.22398
1.34116
16.80347
-2.88142
19.63658
2.10277
22.43930
1.41090
25.54444
-1.92969
26.18606
-3.29224
25.79342
3.33385
26.61568
-5.92075
32.88285
-3.66303
32.55504
-1.96747
31.30344
11.85233
31.04675
4.64826
35.37308
11.25523
34.99253
11.76534
35.34832
-6.85767
41.76263
-17.11576
58.88197
0.35463
61.17134
15.26657
46.68078
-32.71655
65.32869
-64.90001
39.42103
-96.39774
34.83692
-113.25536
32.75930
-77.44112
35.01964
-72.54004
24.84832
-90.30574
1.12333
-45.22063
2.13891
-30.74362
14.91304
4.72391
14.80971
-11.23708
23.20690
0.38088
24.06254
14.42677
35.97810
24.65679
39.78700
37.21945
40.97789
20.40469
45.25648
28.86032
63.29628
17.10172
49.14696
10.83773
56.61214
16.71662
45.81778
2.47408
52.76332
6.53990
54.85497
-3.88306
51.62336
26.07324
27.34385
77.56896
-14.49065
46.01720
8.75275
45.49942
16.10723
0.35431
-91.70923
323.22025
208.95233
-38.01105
259.12216
-172.27786
120.71918
-12.51547
84.57716
-33.47333
126.08496
-20.34146
111.27829
-3.15042
103.25661
11.18204
121.71565
-4.80225
114.37788
37.93204
75.29248
148.54198
56.73600
77.78940
55.06586
-0.61873
6.97932
54.68295
-42.50424
-17.70789
6.63681
3.31188
86.39996
83.50215
75.28886
137.39684
44.08582
129.20036
28.85029
-33.37714
-22.01085
-48.02699
-7.16545
-61.39809
-33.22175
4.63611
9.10315
19.76155
28.44808
-4.09042
25.76228
-1.56604
24.58294
-13.38026
23.87329
-13.77964
25.71150
-10.92466
28.02445
-10.31551
27.53226
-6.87988
30.96333
-8.32317
27.45438
-7.10798
25.78480
-8.11110
19.73794
-8.59056
22.32583
2.20877
19.12332
4.85021
24.22113
9.61707
24.08036
3.26759
21.59159
-2.69273
19.90979
-30.23166
36.29449
-58.22189
70.49677
-70.61227
106.34042
-120.04841
109.89293
-145.28632
121.72536
-194.45184
115.20927
-213.75096
94.47102
-210.63908
52.38082
-224.20132
49.02739
-234.04260
49.41380
-229.49342
13.32344
-178.10498
-4.99345
-115.69601
15.25461
-70.91570
26.75928
-72.20215
17.87843
-60.48862
18.92071
-50.11128
13.54967
-36.96420
2.53842
11.13572
18.39786
9.64285
30.22098
-11.39207
33.21463
-5.46693
41.99561
0.80500
53.18887
-15.96724
38.57261
-2.00177
44.04851
-2.54972
57.55848
-5.68932
55.56591
27.63359
25.01707
69.66183
-16.73494
46.10897
8.02901
44.78029
9.18032
0.67389
-94.94331
342.16602
204.51627
-56.03442
246.91628
-191.42545
121.71584
-20.03262
81.51179
-40.71658
127.18738
-16.67532
107.21355
19.28958
101.13477
3.44435
128.80930
-10.22021
98.28999
80.25607
44.09543
136.10785
36.82471
18.81503
16.32896
0.22653
-20.63111
55.69748
-2.17428
11.39633
15.71402
90.44147
65.74909
108.75608
46.51791
97.34400
39.90582
41.78792
26.40579
-44.13253
-24.22356
-42.18372
-15.23200
-13.38731
1.69651
18.08692
28.73384
14.27434
33.06044
5.77751
35.87385
-9.00259
36.77984
-13.09102
34.86137
-19.26852
38.95911
-15.13661
38.93855
-16.08175
40.69376
-15.21780
39.35529
-20.47846
38.15176
-17.99245
36.08192
-19.05767
31.06320
-10.45979
30.02502
-6.84870
30.61012
-0.47701
27.39790
0.54828
23.03211
4.90584
24.18389
-6.55621
29.48554
-48.04915
45.01804
-70.37613
62.07367
-31.46725
59.96052
4.20010
42.36798
-23.42485
59.02554
-80.95453
71.90813
-113.21513
86.41308
-113.54208
62.81956
-165.10452
108.43964
-168.32439
113.60109
-185.24654
73.08202
-190.80051
75.60895
-221.31213
73.38624
-203.65579
58.28440
-175.46976
33.87733
-176.09781
22.41233
-173.56476
12.42184
-156.85809
4.73661
-110.63364
24.35347
-49.77477
35.07190
-55.55237
26.65092
0.24260
56.66237
6.32108
39.72545
-25.98966
48.57756
2.17610
47.86143
4.35486
53.12584
-2.07964
43.68754
38.79589
19.21455
78.40004
-16.28315
44.23309
1.75229
41.82930
6.98576
3.16328
-93.48273
350.36920
198.58347
-50.00931
250.03278
-181.21033
126.47839
-13.59991
74.52498
-36.17538
127.91753
0.40256
102.53186
30.21365
101.41444
-15.96317
117.25768
-4.23834
74.87814
153.60013
24.28954
104.01787
27.41612
-28.64105
-8.64872
12.23181
-27.14505
-3.78096
14.65212
76.77940
45.65395
144.52039
63.52201
86.67452
41.71479
18.31287
50.34995
-36.62933
21.09695
-69.70163
-1.87216
-30.11737
12.16704
15.65051
26.94456
7.50191
40.04992
1.14728
43.89347
-5.67059
41.58350
-6.90317
41.15357
-7.47810
44.69426
-7.51610
45.21574
-5.73915
44.32693
-11.22334
42.08948
-15.56758
38.95382
-12.61024
36.37497
-14.78845
34.99999
-14.43917
34.49041
-13.60025
33.62832
-10.70641
32.69260
-9.27049
34.11205
-8.60046
35.21387
-8.21014
40.00091
-20.81564
37.11652
-50.48249
52.00800
-17.64322
70.76398
50.73512
43.33562
75.19656
47.43127
87.93199
80.48529
107.57501
42.20817
99.82654
-11.54771
74.84109
-31.08764
72.76537
-36.70566
13.47957
-31.90336
-38.70505
-15.00628
-34.70943
-26.49880
-80.11536
-0.28558
-111.48346
32.36807
-127.93529
57.66362
-123.96889
71.95136
-137.79013
74.89996
-107.22046
56.32486
-167.31027
34.17248
-128.01279
0.83435
-66.03674
10.10197
22.78051
16.76950
-26.10255
39.67478
-21.29904
34.26543
-9.35839
62.75092
11.58458
57.48042
15.05817
35.76653
39.97530
18.59136
83.32869
-21.25151
45.75980
1.88190
48.53725
14.72119
2.54141
-90.61679
351.29559
197.94983
-54.42323
242.40872
-188.36618
119.52939
-7.89267
70.98682
-37.03656
122.99361
17.40915
99.48508
20.40369
105.88151
-30.96646
107.80254
28.93716
47.24507
142.05243
23.52221
51.29160
8.78776
0.43629
-21.20308
52.82973
-29.85023
-25.97101
40.42848
76.39867
114.87259
137.38133
67.75709
47.07912
46.36420
-42.12246
48.01172
-99.58734
20.89685
-61.04410
15.41281
-1.04877
17.67472
11.19274
43.60112
-5.03386
42.23973
-7.05830
43.20158
-7.02509
42.77633
-1.02795
43.68344
2.33569
45.28609
3.71190
46.50539
5.32804
46.39666
3.95673
45.38574
0.76127
42.78349
-0.70482
37.74779
-5.21634
40.53143
-6.62996
39.31873
-3.21586
36.62534
0.41434
37.90924
-0.70227
39.40708
-1.70308
40.73977
-4.05748
41.26117
-12.62427
45.99601
-19.88861
66.70810
20.50716
87.80656
58.16969
100.94160
90.98932
88.09885
58.03429
65.45527
-3.05095
42.81075
51.79472
12.04424
73.16866
9.10224
-7.31412
20.74134
37.89519
9.46460
44.45309
-13.96082
91.63342
-0.87384
37.47150
-4.79628
94.63640
-12.42169
68.26617
-35.10925
80.98607
-34.52225
11.41730
-25.14704
10.14598
-58.27268
-32.86714
-17.32307
-80.10486
-3.80881
-1.65909
-24.20269
54.14381
1.62770
28.53094
26.64611
-43.51183
46.25905
20.21786
46.72874
9.72363
35.26316
27.56478
34.54799
33.07941
19.15536
67.34668
-21.04708
40.06021
5.99432
48.35153
14.87217
-2.02848
-92.34753
351.89423
192.69250
-57.78941
234.89243
-183.05640
117.33099
-6.16281
72.15008
-24.27136
115.53633
27.77869
96.80251
-0.48096
109.91422
-38.92310
84.24781
113.06035
35.90411
153.75555
25.90628
-13.86925
17.13679
23.62032
-26.88809
33.62026
-5.30504
58.75047
67.73360
118.80667
99.34032
78.11111
52.36840
31.32841
44.85186
-73.13526
37.49285
-88.25880
-3.36013
-37.66896
8.52131
9.46828
27.02041
5.48989
44.93596
-10.01472
30.54552
-6.55960
29.22100
6.29656
31.29491
11.25615
31.14866
13.45543
34.14819
16.25642
36.61922
17.11982
36.78801
13.76656
35.33162
15.28037
34.25430
10.79380
32.46583
8.97535
35.78656
5.32573
38.30340
10.40643
39.60133
16.00449
41.58196
9.67578
47.77222
-0.52411
49.79461
-4.64631
42.56660
-3.08223
44.40510
-1.70891
58.77403
21.79468
62.58440
68.57693
42.35327
22.55356
13.32156
8.08282
9.83445
26.47739
-4.87131
23.39667
-3.36182
44.81587
17.27901
71.13511
38.18737
75.19601
61.31111
77.01678
78.23559
75.44615
75.00786
49.51582
67.58971
89.32730
51.02861
4.72351
65.72726
32.81947
9.91776
72.17140
-30.09053
-22.78287
-25.18099
-24.37288
-60.67299
-16.52768
-14.88222
29.49550
-10.87017
60.12985
21.99813
-20.67141
48.42275
-20.35400
32.71456
38.38834
63.37314
20.36671
42.54964
18.67056
33.84261
23.81027
17.58812
67.51343
-33.48983
54.34035
8.62349
44.76223
30.93804
-14.34474
-81.59253
351.61740
188.60941
-54.68811
228.59821
-178.43927
116.35375
-3.18784
68.65145
-13.88235
111.67783
19.38138
106.97162
-19.57062
112.21281
-7.19760
76.79642
136.53728
29.90927
109.55910
22.72492
-49.89514
-8.68644
37.18240
-6.73200
-13.96783
3.58369
92.34584
85.66850
115.36214
88.66806
58.65736
42.59566
-33.86339
65.72218
-97.12165
28.10997
-81.16974
10.49493
6.56023
12.65254
9.46310
40.01143
-12.28394
40.70303
-19.02977
23.31150
0.43320
20.29107
10.66133
24.68561
12.00719
25.81594
11.38319
29.85373
15.38197
28.60146
15.10715
26.21906
11.80620
24.40983
10.43977
20.05575
14.20470
19.00694
11.49014
23.53588
15.45107
30.44367
20.74915
39.80122
18.75717
45.93518
9.50932
50.81367
-3.79259
50.81574
-12.72060
42.87916
-7.25480
43.14327
-3.19247
50.37175
0.61378
50.11722
7.40652
34.12906
-2.27519
3.55571
6.33495
6.56135
0.98399
8.56942
58.76738
16.43545
50.08403
31.74254
51.81037
27.34711
53.28899
30.93961
74.97376
28.48285
57.75410
20.81784
33.03455
22.08569
57.23032
14.46957
101.07373
23.08321
65.75714
32.79144
81.56577
7.03137
9.98061
-5.42099
-40.14625
55.30962
-15.64856
43.45905
65.95819
21.18205
33.78262
78.08867
-82.49561
62.63914
-47.71324
18.57062
44.59627
65.45847
-3.41292
63.02417
-9.83038
58.71442
0.07837
26.21947
25.20255
-20.49582
49.63305
23.37116
39.96369
34.82944
-29.37945
-85.71804
353.04407
181.90125
-56.51814
227.68004
-177.06070
115.04541
-7.25623
66.30816
4.73700
105.40646
9.01740
113.91257
-19.98819
106.47098
47.82684
60.71774
137.14824
20.05495
26.53793
32.71112
-77.49164
10.57654
0.56476
-2.58979
11.63015
16.54983
116.62328
83.81378
78.11662
54.83523
45.32729
34.90090
-48.25875
72.25472
-133.04532
32.87154
-44.97539
16.88896
19.69743
47.76620
15.85995
62.63857
-34.86262
38.27979
-21.72961
27.19286
5.53641
25.32253
20.23919
32.15777
19.13393
33.81399
15.70654
39.06925
18.54681
37.06938
18.20605
36.44810
17.73742
35.95714
6.33424
36.36811
0.04076
36.62202
-1.98195
37.95415
4.00495
40.71865
15.57014
46.11458
17.25872
53.78215
-1.74139
51.70760
-17.40082
46.43904
-19.14484
41.16053
-11.79583
46.43768
-10.39435
47.19733
-15.83884
47.21539
-10.34921
40.08409
-8.33137
27.36144
-5.48342
31.04174
26.15202
31.72775
28.76368
31.04024
42.17413
24.33063
32.97633
20.19627
23.48338
19.68646
50.98441
17.05991
33.50916
14.87200
45.42270
22.71120
55.54037
29.27849
60.65118
27.78871
20.05725
3.66061
37.25330
5.31224
18.42314
1.68757
-3.14944
28.70996
44.37175
44.39381
114.48572
10.79006
36.30860
85.96097
-139.15604
23.25161
-43.58292
29.86935
43.65453
80.78123
-39.27757
69.33678
-86.76437
45.61415
-42.47571
31.59231
-11.28241
-9.81263
41.68779
33.36663
13.59368
23.54199
-32.63183
-114.85020
351.79007
178.61327
-57.11359
228.16588
-176.39130
113.69484
0.29648
61.15862
14.06213
108.10052
7.77832
105.81543
-24.82941
102.68639
104.15796
59.41621
79.43680
46.44074
-62.73624
65.33553
-82.14291
-38.25818
-20.22961
0.89235
62.45286
-8.65745
91.56535
55.62209
55.09367
3.86992
13.26219
57.24910
-105.61309
38.91335
-112.08961
5.79578
-3.40331
16.40096
56.11734
25.43609
-1.97914
51.16299
-68.11824
29.78885
-9.47664
13.11956
8.09311
22.97625
27.20074
33.30164
19.43026
42.65325
18.47720
45.40381
19.55361
42.97821
22.41992
43.00170
18.65426
42.69033
13.89978
47.68764
9.91848
50.99792
8.21480
55.58591
25.36365
58.25320
32.11480
62.18909
19.17469
64.02565
-6.42390
54.32342
-18.29821
42.93926
-12.71522
39.94143
-2.16169
44.29413
-10.73074
43.51731
-12.90952
42.87846
-13.54298
39.06531
-18.94750
37.09716
-19.16368
40.36899
-17.87411
40.21827
-21.54303
41.12763
-25.67616
39.84863
-26.12451
33.79749
-18.05460
35.44830
-11.53967
28.49708
-4.65777
22.20529
3.61282
20.58537
27.80791
18.34849
14.13415
12.32714
10.60890
-1.08580
-1.56203
7.87635
-4.60947
15.99485
-26.71004
33.87167
66.50143
14.54722
103.67166
-3.78935
-18.74406
103.53990
-156.99542
32.29543
-32.50586
64.24963
74.18935
81.12579
-3.14851
63.45617
-109.94336
62.38031
-43.67281
38.99988
8.32207
-15.32745
14.30428
8.59857
5.43880
-20.36776
-25.69267
-124.18559
353.57986
173.27081
-64.71115
229.79379
-169.72147
109.31093
10.76471
62.47631
23.34778
115.19017
24.49057
104.49174
4.34793
107.45596
100.16635
71.39781
10.19312
60.05596
-106.30017
79.36311
-77.62088
-24.86258
50.81543
18.90727
65.61574
58.12582
-30.58505
78.64964
-45.49199
13.24182
-68.13843
63.22924
-148.13338
16.95270
-90.91867
3.46606
46.00362
-9.20291
57.45983
39.15578
-1.62096
51.59938
-54.82764
6.79649
-13.37994
4.46956
18.97942
21.50406
26.34560
34.09042
12.58887
34.56815
17.69391
29.79099
17.60365
30.35081
19.26543
34.43301
15.70535
36.40549
12.23047
39.99651
4.65013
45.12346
15.41397
40.98637
31.84837
37.15363
47.62244
44.86074
23.48088
48.23461
-11.18642
38.68242
-17.15450
32.49588
4.78764
36.42543
13.62517
41.21642
5.31870
42.08138
-1.70616
42.36771
-6.48015
39.33337
-7.45409
41.50014
-5.76349
41.97062
-4.27818
42.32021
-8.57129
44.03986
-17.08652
43.53127
-15.59432
42.65648
-25.06226
44.65400
-31.13312
42.69457
-39.43469
39.25481
-41.01036
35.80289
-48.03674
35.48169
-47.67520
32.16351
-47.29642
25.94437
-34.34048
35.94461
-21.55673
41.95583
-15.34308
46.82579
41.52032
29.58146
69.65392
5.81188
-100.13762
79.22110
-131.32483
28.86018
-11.93124
90.65405
20.53595
95.43519
-47.39497
85.98276
-120.50211
94.76465
-85.32022
26.32915
29.48268
-51.48344
3.84721
-22.34647
5.43785
-20.67467
-3.42332
-145.79340
355.72278
168.55556
-71.06479
228.03773
-167.57367
109.55603
24.73587
64.11143
35.30298
120.69547
27.48990
108.20612
13.66655
124.03735
16.77457
111.70799
-32.92502
64.40685
-130.97298
74.75760
-36.96704
32.73109
68.37350
72.50864
8.80580
106.21828
-141.57706
91.73457
-90.51355
53.20882
-152.76181
72.72716
-192.53937
3.55157
-39.49536
6.25586
64.76543
-7.34249
62.37589
40.06519
-58.59999
31.39947
-42.41956
-17.38417
5.10495
4.78595
38.89274
22.15938
33.04207
32.44672
13.22524
30.55518
12.24156
29.31377
21.83877
23.59613
21.06577
24.77538
20.87261
31.69767
9.68987
32.13506
10.80890
32.22090
13.99726
27.04362
40.07679
24.43688
42.04233
29.18516
13.28202
26.94003
-9.08192
21.63102
-10.75769
28.52463
23.89905
35.38149
35.73450
38.42259
13.88992
44.34722
4.89441
42.80215
7.32672
40.17739
8.47879
40.15541
7.96059
43.56911
10.87671
43.81335
3.11752
45.28693
-0.99417
46.62368
-4.15001
44.80958
-5.29282
43.69844
-11.77731
42.51083
-14.27881
43.00860
-11.41583
44.38770
-17.76878
44.88684
-26.46138
40.61861
-26.77254
35.07351
-32.10794
43.71930
-31.26631
45.08901
-41.46335
61.00601
38.81897
47.76647
-4.71979
33.73613
-193.56241
77.95626
-54.09274
29.53400
-18.19411
68.78944
48.19373
79.77866
-2.01759
70.50893
-86.62915
59.11920
-47.86301
5.75665
-8.95094
-71.34431
10.83844
-67.95780
46.59119
-55.48400
2.83894
-130.05165
356.22150
166.82759
-74.93387
232.95705
-170.12308
115.87133
24.97778
55.96218
40.81383
113.06415
30.45917
98.88556
-25.37958
124.49841
17.33372
124.57646
-71.35806
103.77451
-65.74991
88.24956
40.23853
70.75475
86.07233
125.34792
-30.12817
170.14297
-151.62413
99.51083
-121.70181
61.22655
-157.97849
34.56746
-154.49866
-3.56687
-38.65555
3.98524
38.86352
7.31086
24.59365
6.54540
-51.74146
-8.20236
-41.40686
-26.60551
6.05178
18.04997
57.42110
24.00590
25.65934
37.21734
-2.26350
43.47393
-8.40222
38.41833
10.95372
27.05209
9.20797
20.78105
13.97755
27.86658
-5.44891
33.81918
-2.71138
37.95510
3.10165
53.00925
19.64215
47.11004
12.58587
39.00446
-23.68597
33.47874
-34.10695
32.14856
11.15027
30.65979
43.88833
40.49536
47.02997
43.55937
18.64270
37.49119
8.42422
51.99924
10.95902
49.05714
8.37224
39.49767
21.14914
40.03981
28.48827
37.50515
18.82367
48.63252
9.58743
52.84747
8.42415
47.63741
4.10533
47.29492
1.24342
49.61531
1.94717
48.07483
-2.52357
52.34213
-1.55473
48.32718
-10.39374
40.20595
-7.49042
43.31983
-18.13828
48.69152
-18.39584
40.64953
-24.44269
64.60651
67.10034
54.04395
-34.16374
65.97388
-150.91589
72.04460
27.27209
44.35017
63.74001
103.66293
20.40800
113.17210
18.46631
85.74010
-25.44423
15.31097
10.18472
-78.36107
14.10712
-118.85820
43.81726
-104.37228
32.58301
-64.04026
-5.64169
-109.62744
352.48352
165.34874
-74.08304
239.37367
-161.43143
111.14711
40.16299
45.84815
73.36963
106.23136
5.23636
103.06297
-39.93863
114.42775
-1.34351
111.34834
-66.30595
102.95096
-37.04041
115.60732
71.39273
124.97856
115.70752
146.99129
-96.95178
190.37338
-165.37556
119.63062
-147.46243
90.23452
-117.69458
37.85839
-87.67630
28.46881
-18.45113
60.30392
12.80623
40.52303
-50.21384
-9.39255
-55.10291
-12.32238
-9.81750
4.46907
11.79296
36.77462
34.76933
40.13969
14.53016
41.32774
25.21642
63.99067
-33.22836
45.71769
-16.37227
41.63192
-15.49608
38.62037
-33.42429
45.85318
-35.92652
35.24399
-27.01557
52.38168
27.83685
47.61179
20.33855
47.72143
-17.38882
55.42880
-44.47678
59.52698
-13.04902
48.51864
22.66801
45.87288
41.89464
62.91986
22.63425
67.39740
-5.44878
52.67095
22.25577
52.85126
3.19418
48.70689
8.49628
43.80157
23.95937
37.19114
42.50205
31.60080
39.57944
35.13565
39.84148
50.42524
34.41628
46.96383
27.07098
44.68521
25.57161
46.29241
20.13124
54.40809
16.01109
62.70869
19.74472
58.04310
31.08529
48.80983
18.74309
64.90538
-9.89926
74.39066
21.63199
60.28239
53.88428
49.32756
60.39778
65.89798
-47.03786
97.94624
-31.72034
59.17608
3.71136
53.22831
121.97545
114.70213
30.65579
72.54261
-20.76903
54.97451
-81.69397
-26.34676
-13.76987
-40.54377
-0.61046
-85.30959
36.82179
-35.21439
79.52650
11.20730
34.25668
-92.16022
353.76129
167.95740
-74.98032
246.94046
-168.56625
108.77077
62.17108
26.35550
66.19647
98.76653
-43.39026
81.30174
-51.08594
93.69739
-11.31134
141.87155
-37.86945
136.36104
13.53583
152.60887
118.58435
137.07950
3.38129
181.91960
-227.56264
149.81911
-200.11383
32.97149
-130.85602
64.74893
-81.01944
27.66610
-43.25424
60.41333
-12.38289
88.84253
-63.99457
62.60147
-97.89969
-20.22082
-71.09134
-14.45889
22.19434
13.41943
23.45287
37.32471
21.38480
53.07071
-21.53797
57.39124
-0.02792
63.89895
-18.76672
46.05551
-32.44653
46.28775
-32.95679
34.94198
-51.89587
37.34017
-35.33379
36.10976
5.58849
45.63492
39.95949
42.54240
32.71371
36.01260
-17.36719
39.98538
-50.32220
45.17388
-9.83883
49.24358
57.00401
55.92187
44.28414
67.31620
-23.69286
84.37978
-34.40768
52.34512
7.37557
58.24071
12.76765
43.24697
21.96301
33.25146
27.35682
29.64913
46.03714
43.15253
40.46204
29.11451
45.20747
45.01686
24.39732
56.98589
34.95079
46.89006
45.23600
39.53599
58.43693
56.24130
47.29233
68.34478
53.69302
60.23258
73.53328
63.85824
47.90688
63.27784
12.78578
71.19350
68.42136
49.92003
85.21220
29.81084
96.98933
63.07552
-72.19709
69.30046
51.92801
26.05744
98.62788
15.59470
139.35489
102.37234
57.14549
28.48913
-30.05600
8.68961
8.39041
-19.66920
33.53371
-23.85376
45.86211
-62.47507
41.80430
-37.48283
22.40462
-36.35955
35.82378
-87.38579
359.11041
173.32065
-87.75992
247.69344
-156.93555
98.96056
95.19189
9.85283
39.82245
91.21367
-103.64426
81.21692
-57.84254
95.23401
-38.43100
159.43591
40.72702
153.68437
119.16753
143.68164
65.46603
119.05252
-32.32686
156.28188
-245.31812
20.06767
-163.91995
-1.47410
-80.43546
27.07503
-20.70541
13.98821
37.92696
54.36168
9.31512
40.33483
-92.68564
21.11967
-90.26013
-60.14405
-71.36610
4.25012
30.31437
24.44361
18.19930
28.75861
-12.89345
46.19110
18.83741
17.94180
23.86327
54.19956
-1.23881
33.61031
-34.85791
35.96793
-33.00826
5.44155
-41.98359
12.63861
-11.69835
14.54477
16.34934
16.72040
43.07703
20.76989
15.38164
17.42435
-31.38914
15.50904
-40.20280
25.22345
9.79182
42.78229
76.00434
39.91573
72.40172
64.87540
-24.87142
100.79858
-65.53846
30.77266
-11.64102
71.91328
-0.91814
35.56199
1.89644
33.32556
9.73002
45.19868
27.24539
24.68072
45.59956
17.70141
46.47539
51.84557
32.09383
56.20770
19.50618
30.55650
37.71148
31.11824
47.87819
59.07816
64.89868
68.05832
62.54565
78.14101
58.42802
91.10397
23.24617
86.44405
19.74831
79.30254
69.66086
46.58175
87.36922
60.18768
73.13766
40.71863
-66.28186
55.39497
30.31612
37.03372
135.10193
-6.61673
47.44342
41.58862
105.48216
11.50872
-13.32057
14.74203
-10.22969
20.95243
-5.62102
-2.78520
45.25589
-53.90957
79.07951
-17.01721
72.14476
2.61872
30.17684
-103.68401
362.86395
169.51511
-89.75873
248.49706
-143.16965
81.19011
148.54935
-21.81339
24.47038
96.54356
-157.14558
77.36255
-60.79881
117.64955
-17.78351
179.05225
108.02774
129.99873
159.02328
141.11737
71.07927
153.99184
-183.87128
70.60109
-203.76874
-52.28847
-55.08936
-24.81696
13.62967
3.86676
128.80255
0.16868
91.47339
35.96873
24.61897
0.68094
-40.07083
-39.63919
-84.82065
-9.26635
-43.49237
-20.30358
-4.36963
-18.82015
-8.60107
18.30506
-28.23284
39.37886
12.98367
-4.12731
62.15089
28.03874
41.42580
45.78595
-7.58242
11.07238
-24.08888
-8.73111
-30.02865
13.73339
6.75095
34.84050
47.57816
27.43134
50.04163
30.30772
20.83176
27.07904
-31.15498
26.72987
-25.61371
25.13001
24.77013
15.04230
90.46953
-7.18934
54.26891
34.07653
-29.13560
64.54958
-29.73306
34.58017
-11.44752
41.14559
-29.86954
37.74796
-31.98019
40.08778
-14.58165
38.79454
-37.38199
55.15327
-21.48648
24.70655
20.05810
51.18462
42.18723
47.85028
37.06735
50.00202
14.73174
46.80694
25.41476
67.45586
52.90819
76.70244
70.09528
86.80829
38.97742
92.25993
7.79565
73.54123
27.29788
71.78868
69.31409
61.04974
98.95263
31.79696
43.92003
61.05920
-41.42580
65.38224
53.40858
69.28868
73.71326
58.93046
22.23775
48.79097
98.36067
59.43903
80.63417
4.64684
-9.96213
66.37495
-19.02190
32.75574
36.73337
-26.98811
58.11975
-5.23228
61.72936
22.80703
19.25418
-111.24602
390.26447
152.00705
-89.30948
238.47920
-145.88239
70.85812
137.49362
-34.32171
10.91350
72.44073
-163.66537
79.58433
-14.08942
136.53847
25.82829
196.15086
112.64914
138.08554
166.02873
135.06157
24.94763
97.75969
-239.66852
20.84637
-172.33362
-80.89038
-17.97595
-18.49802
61.58981
40.25802
104.70822
70.24637
22.48448
65.58231
-57.29767
-31.52091
-126.96011
-54.60175
-81.30359
-2.29559
-70.92889
43.03252
-54.94789
32.19288
-68.75916
48.49586
-33.13257
25.94100
10.86372
3.79513
13.99364
41.38682
19.82820
17.70746
-15.62619
-3.94122
-12.50412
14.93632
-7.51970
44.86482
40.70445
49.45826
57.93872
39.39552
41.10548
54.63214
2.60886
43.63634
-43.80518
41.22257
-3.20573
34.50416
12.95007
45.31605
77.92892
15.82637
63.68126
8.50060
-36.40381
37.05882
-9.10502
34.42975
-30.64586
60.03021
-30.88211
69.90828
-61.59897
70.11074
5.14462
46.33078
-45.92079
59.07528
-67.47949
22.53370
-45.67641
30.80475
-0.68092
31.16704
26.71876
20.26862
-3.16561
42.20566
-18.88896
68.63171
33.55647
52.86819
26.82860
69.74271
5.49864
97.19560
-58.55048
62.65337
-55.09654
75.57820
50.95534
38.48021
55.80461
7.80751
-22.46432
55.50934
-20.53822
42.72898
55.10899
71.05687
8.64059
73.22778
-26.62665
49.56625
32.64690
69.70869
44.54552
24.31626
-31.93710
57.88109
-48.16162
18.94083
56.59564
-63.50676
56.61263
-17.79873
48.64374
22.41971
12.79879
-134.76160
406.43616
143.25761
-65.19293
239.87085
-159.51959
71.16821
113.86002
-28.21947
-34.47711
79.13550
-113.44463
91.35355
8.99608
156.40030
89.61432
193.15698
164.02679
141.33951
87.06702
92.88433
-69.13141
101.41491
-184.64764
-6.06648
-121.51270
-16.44257
12.45168
16.67068
83.13120
65.72959
73.67453
98.08451
-42.45100
60.00485
-80.79501
5.03841
-20.85342
-7.33487
-18.97530
58.21923
-18.05191
79.47447
-46.83330
69.73196
-90.14565
47.34969
-92.97733
10.45011
-35.25414
5.00227
-5.45706
14.76982
-18.90453
-5.70308
-21.36326
-5.85864
5.85204
1.22001
25.61486
12.29111
59.13830
0.81800
50.79175
12.70839
31.16305
23.91812
14.06296
13.93663
-13.08546
22.82307
-9.60286
37.36977
17.12630
47.66543
58.16150
22.39140
13.83727
11.94235
9.47240
37.87631
1.59638
18.39320
-6.85780
26.25782
1.88934
48.49551
37.64998
14.17011
17.23823
40.66833
-41.61639
54.09498
-55.59994
21.44515
-26.29162
14.58050
37.55888
8.12096
0.00292
40.24650
-58.39659
57.74183
-42.87553
61.95634
16.99547
48.88869
-13.06137
36.57710
-44.94376
65.31754
-39.58011
56.18941
-14.92433
34.53843
2.68126
23.10159
25.30304
7.64473
-57.62734
51.20401
-27.04395
41.24932
-62.68011
123.70508
-7.83224
93.95016
-37.00130
65.26102
-103.18044
87.68914
-60.22583
22.06053
-56.15750
41.57286
-84.35269
-4.86556
70.15985
-82.20779
62.06667
-37.71193
43.04490
10.59851
20.93240
-128.39383
361.02484
160.94040
-33.94164
247.02101
-164.44281
80.67825
71.69092
-8.69383
-84.68001
68.20827
-71.89676
74.20704
16.26859
140.37012
85.57826
191.03271
123.40244
102.86163
103.13788
26.97508
-61.27670
81.06640
-165.02066
37.76404
-81.67371
36.32573
-4.98692
19.83637
56.32983
59.67564
34.84154
55.29771
-41.47937
26.44302
2.35469
25.20844
-16.79808
18.42964
17.17459
54.31158
24.48840
75.13690
-56.69217
34.35816
-102.79623
22.54865
-66.02774
20.24049
-50.13123
8.30878
-79.56563
-11.26571
-40.64749
-25.86342
-6.28436
1.94187
11.07574
4.82347
34.41657
-1.74254
61.67654
13.08099
34.84740
30.88284
31.39008
20.87336
24.30970
3.11991
19.30524
11.54800
14.73283
31.11890
12.56071
41.07983
44.04705
21.72409
28.37037
17.11269
39.44907
29.55655
11.89897
43.54668
3.12518
53.99654
-7.27448
45.32574
80.82522
17.06773
69.02972
19.67316
-24.20111
39.01249
-64.01715
15.00385
-38.52798
1.58222
-8.13075
-3.27953
-9.92130
-1.48166
-43.01738
21.10588
6.69174
31.18291
16.71011
14.76564
12.86916
33.74748
-16.50668
37.12976
8.02736
10.86074
7.56693
0.77111
10.17221
42.84397
-31.25979
49.90498
-63.93513
15.91109
14.98402
36.91241
52.31770
75.64605
-2.02118
77.33199
44.04037
75.58694
-23.51715
104.79086
-5.12396
78.81091
-92.33598
2.28342
-56.23950
-8.70257
103.18157
-62.08762
59.37374
-43.53775
57.87160
-3.90027
21.44830
-131.07759
404.65735
139.41330
-27.38176
205.53339
-163.34488
113.05647
34.74515
0.69402
-65.29736
100.33202
-26.85138
87.39764
-66.74850
155.59909
17.33240
151.67328
48.57309
83.81173
67.15515
-4.66306
-90.79166
55.74106
-140.06891
42.02641
-104.25589
24.98203
2.35834
34.39583
22.21884
41.33274
1.92911
24.67351
-35.92786
36.20231
-0.24620
41.36665
30.48810
48.55235
-10.38826
108.76333
18.10062
78.39241
-45.87865
27.45619
-65.61394
16.06317
-71.16220
27.07391
-82.89664
41.20832
-82.09903
14.57583
-82.43019
-14.41162
-91.37696
-3.46524
-14.85519
1.33494
25.61403
14.38436
11.71001
21.12520
-39.63530
38.19073
-5.91483
21.12800
43.17020
16.46824
3.02966
26.14319
-24.29475
35.10111
-4.66823
25.73188
13.44128
33.47454
66.47076
10.12281
32.78731
-0.33812
17.91251
26.84490
12.80312
44.45267
38.13105
70.96033
69.32272
64.77905
68.29025
51.65143
-30.16676
36.29563
-50.68100
60.79382
-8.25911
54.48087
44.19845
22.14775
-10.84825
51.53443
-23.68597
47.65242
18.90504
37.40910
22.56310
51.93071
-32.15529
6.60215
-49.29391
-3.81516
-8.21562
-11.30387
28.44960
-1.14809
4.16444
27.23311
-109.73705
17.07535
-36.45660
22.83090
25.86897
52.99632
57.20497
128.26204
78.63988
119.02929
76.38046
79.60223
-1.55942
100.56930
-53.63866
47.36326
-125.50671
38.57535
-92.29483
-6.53269
94.41413
-58.23881
67.75957
-36.78774
87.87913
11.91108
1.40701
-130.81200
423.04755
127.26295
-42.49068
201.99940
-228.62003
119.91406
-14.81967
-4.84170
-60.62592
73.63370
-62.48997
98.47310
-59.40817
154.84909
-57.99689
141.57512
-33.37198
94.07655
69.05969
-8.67688
-84.07269
42.51208
-121.10498
56.89306
-106.44620
12.23242
12.71793
59.34042
45.30025
50.93006
27.86957
76.78670
5.49150
104.22785
0.15306
130.96022
-40.38698
123.38722
-59.13504
96.97929
-56.96185
63.00415
-53.98927
38.84169
-2.40053
56.89770
-19.95990
50.23247
-64.63905
32.66927
-88.78268
39.89019
-89.30426
43.72482
-103.33578
19.05440
-155.57211
21.46738
-83.01076
5.06437
-52.91367
20.81516
-132.28726
31.84695
-104.55838
19.06798
-11.08179
-2.63940
-5.86409
-8.79635
-61.02812
9.75957
-72.48697
-13.47834
-43.25362
-6.33031
-17.52502
-1.16346
-0.59216
-4.65447
-10.16507
-3.69035
-27.56347
8.74033
15.90825
17.47336
29.82321
-7.53327
33.05847
-10.35644
-4.23808
20.20726
-61.67747
64.96500
-38.70855
73.64800
-52.31967
59.16401
-69.50482
53.74984
-83.72006
67.31972
-52.46954
77.06514
-54.26631
45.30360
-53.40448
5.68690
-31.81537
14.97797
-0.98077
38.10875
41.84819
34.20946
-6.83813
41.46983
-54.67764
57.41854
-65.48692
119.15762
69.35768
131.86578
57.68623
115.21205
34.43176
95.28468
4.80446
89.63326
5.99731
47.20512
-86.13869
26.51818
-62.71454
21.48051
-19.42169
-18.68404
112.29237
-57.35627
63.97854
-33.61802
59.35071
8.47498
6.40747
-130.14044
384.28973
133.24428
-29.14952
206.82114
-241.50140
125.92254
-4.51404
6.24815
-44.48172
94.19518
-65.27132
155.80693
-53.55852
110.73596
-17.43091
104.43403
-0.00137
61.59823
27.06396
7.75964
-70.25177
-11.12732
-54.21393
-9.81473
11.53638
-12.19962
11.79120
88.96739
31.27274
62.82500
79.18542
91.73004
61.06781
104.95860
-7.07071
126.88827
-36.74698
119.36816
-79.09592
88.49292
-57.86725
76.55385
-9.65524
68.81383
-2.38977
67.97404
-11.77975
57.25658
6.55252
52.24141
-18.23563
41.99240
-73.58481
55.36120
-130.52058
68.76353
-150.02481
72.77026
-125.76299
37.49475
-169.09241
73.53552
-197.51297
57.56004
-181.11488
42.93085
-141.30113
53.01296
-100.24484
-17.02054
-172.32474
37.43138
-198.21707
47.39072
-157.53960
35.23964
-104.73761
16.15436
-79.21326
-9.63453
-68.29509
-9.69735
-85.78838
11.82121
-76.23654
18.97514
-19.99025
4.42252
-28.01199
0.11494
-48.76862
31.30864
-45.45218
57.85610
-46.99200
51.55112
-75.73170
36.08180
-67.41298
33.15729
-43.27194
38.14483
-48.14697
21.24992
-74.93750
20.69054
-74.64359
-26.73318
-36.29941
3.64999
-31.09952
27.52553
-10.68343
-0.59825
-63.62318
-0.06946
-13.27693
49.33323
42.45380
95.81703
71.08849
72.82927
131.75275
30.28556
18.56380
17.41972
-17.44702
3.94011
-16.89082
-57.86455
15.79308
-56.71103
-6.17567
-21.53682
69.71062
-25.23276
157.26289
-56.87606
99.03774
-33.62883
69.85178
25.35704
26.50943
-87.74368
359.31812
157.03990
-47.03568
226.96191
-226.22144
112.71312
14.82965
50.46941
0.60797
140.24863
22.50731
144.84737
-30.54837
134.87950
12.15387
71.10490
-0.83347
25.55693
32.37035
-9.80201
-51.27231
-62.55219
-19.59003
-36.10078
46.35428
-51.96941
37.71333
68.63035
48.35184
70.29331
88.39139
75.03763
86.88425
69.98951
33.90627
88.81474
-49.29706
95.14478
-22.22368
79.06677
9.97578
81.72581
-1.44266
90.94546
6.79521
84.89630
-26.78821
69.84025
-14.29941
68.48071
-0.71140
69.37636
-8.58144
63.32197
-42.86137
52.31244
-49.41911
50.73743
-46.59575
60.94254
-88.55383
88.92594
-150.53412
80.27333
-136.84302
66.41621
-140.34120
33.71603
-163.22307
54.98249
-213.77228
108.70423
-205.84741
63.32529
-194.32602
44.30928
-163.71082
56.21912
-156.85475
25.24694
-175.82910
34.56590
-193.99005
59.28239
-194.61163
76.08623
-158.33459
47.44516
-143.57343
40.54915
-108.43781
91.21996
-90.97177
74.37429
-84.63548
72.41508
-48.31451
47.35941
-56.28244
30.23783
-21.54953
8.55222
-32.17938
11.59076
-57.12234
-10.52630
-37.73784
-31.80793
-25.04016
-11.48135
14.30670
-21.92043
-4.38818
-0.71356
-69.19594
-23.11858
-4.07297
45.91472
81.78087
29.01870
119.44427
-5.68174
111.88115
5.99882
14.59016
-4.86312
24.22398
-29.56695
76.01804
-91.54945
42.37144
-70.23261
50.46018
-0.23444
131.05373
-8.94138
155.79813
-36.72221
90.26403
20.96233
80.13017
30.82556
5.53612
-90.86760
342.56384
178.88617
-62.92421
236.11221
-196.27283
96.48622
5.15909
90.08286
-1.42303
124.57703
-49.69189
116.34710
-56.69983
107.09647
-16.73077
61.68262
9.87369
38.47641
-16.13933
18.00667
-46.81416
-36.00294
24.13560
-2.54389
96.64984
0.54346
40.13344
97.61814
75.49605
82.40771
66.56519
73.36453
70.34946
48.53761
52.75578
56.10375
-33.01155
84.46254
-19.73132
73.23276
4.85727
73.55093
30.05615
112.11314
8.86310
93.61443
4.57355
79.34638
11.81677
84.96928
10.45447
65.68923
-5.42654
74.22461
-4.53284
102.56824
44.22252
97.36313
-11.87277
72.95018
-60.59569
88.35622
-49.33681
57.59084
-44.33203
37.30748
-26.37532
35.94636
-15.89088
48.88208
-73.79773
59.12293
-65.21399
29.81436
-67.27356
26.86694
-106.50928
41.51672
-107.53702
51.62136
-142.13248
78.91553
-146.62184
64.24067
-148.89600
77.27978
-130.18124
91.03194
-122.82271
81.26919
-138.75864
98.32946
-126.50668
95.66364
-113.65308
64.92644
-121.51543
56.33122
-124.94705
72.05771
-73.55853
68.49013
-64.38104
53.62504
-107.58698
52.34776
-71.98521
23.94199
-41.49133
42.37971
-59.52060
23.34901
-58.22902
43.98709
-96.02905
31.53764
12.28226
43.62748
25.39534
-4.16216
56.23131
11.94157
61.77813
-13.05577
-15.03415
-39.98987
-60.64224
-32.18164
38.13027
-19.72809
65.37395
41.46318
85.21705
45.79028
101.53351
-3.38817
124.95107
-42.23784
133.43146
1.43084
97.73082
-9.29038
-33.51410
-85.27467
354.32269
176.97659
-39.15302
216.51208
-149.47668
113.02874
7.45142
94.72774
-34.01463
131.83525
-32.83928
125.01803
-43.21674
102.87611
-1.14404
73.06699
56.22897
40.68008
14.49004
30.53163
-48.16954
-2.30434
22.22525
-14.90641
1.97625
25.87358
82.77141
67.05019
77.90324
73.94395
47.01984
87.55502
60.00686
67.45115
44.16953
74.23033
3.76895
75.93326
24.74380
63.50604
41.81174
96.25111
48.19507
105.29771
16.70207
88.77065
41.80391
75.30595
33.02980
91.26524
30.87643
92.63373
28.89594
82.11352
1.09778
94.47913
28.86946
93.78598
-11.00140
88.50009
-46.62245
87.61369
-35.82829
90.54193
-5.38220
70.17278
-0.88071
61.16140
-18.75941
76.54790
-77.98323
63.89773
-74.43295
37.87241
-21.37424
37.50811
-58.63980
58.75317
-52.06587
50.73606
-64.32658
44.55511
-84.80534
63.39896
-58.63824
72.25342
-37.83331
83.29337
-36.35934
79.68844
-105.90631
118.43562
-86.03343
61.09815
-94.25244
42.23154
-55.76369
65.00745
-65.26804
92.03701
-39.92163
69.64169
-65.57855
68.51225
-59.02563
64.84976
-68.47754
73.21870
-84.77649
69.70319
-91.86844
89.78230
-111.85924
87.82816
-142.77094
53.94490
-111.53242
72.38147
-15.47301
25.79638
9.04413
46.75943
-38.85695
3.28525
-12.88135
9.55829
16.03986
42.84929
19.58475
59.22392
-7.73596
81.01866
14.11610
94.13324
17.85031
39.06047
50.96864
-7.64329
97.11753
52.40031
41.37211
19.04236
-38.18784
-108.15779
297.38419
115.52493
-61.38490
187.40585
-88.30542
-16.89668
59.93666
-2.47531
65.32161
40.85022
72.08728
16.81989
47.80649
15.46006
101.77739
9.28994
107.85332
-41.24833
98.50462
-38.30103
46.82529
-56.19043
47.57889
-59.28241
22.11208
-45.85397
48.07394
-4.28846
98.63181
-31.91629
87.57259
23.76632
109.98219
-2.20057
93.11533
-13.21691
61.75648
12.11047
106.44636
10.22562
132.45422
10.80867
95.43645
11.20871
90.05492
-7.07552
89.11073
-9.14219
83.42334
4.53315
89.63130
16.54312
94.09901
18.53675
75.82921
28.08470
96.50143
22.74396
59.68661
22.90815
20.26207
-19.75081
66.28307
-4.04560
38.63885
10.54058
71.26001
15.63524
28.68788
3.76617
22.68393
1.98299
42.96936
18.46597
62.32185
14.81107
59.95493
7.64855
49.67923
6.85548
20.47510
11.56191
11.72195
-1.49736
21.20978
6.11728
42.40375
-0.93937
39.02092
-22.29656
7.15833
-33.16575
3.99072
-44.02128
21.43906
-37.15873
51.23882
-25.34551
54.00648
-19.71086
72.49796
-39.19946
68.47630
-34.21203
52.04147
-48.19854
59.35387
-46.28479
68.35242
-45.85327
30.12584
-49.63708
-8.52607
-15.64262
-21.90549
9.90794
1.06035
35.63078
-9.50987
-16.11847
-33.94626
9.74704
-51.95394
-32.87752
-84.45045
-13.15701
-103.59292
-13.72306
-42.21101
9.55336
-71.71406
17.19179
-123.66010
-18.85227
-60.42064
-106.14031
16.66953
-121.29265
-13.40141
-35.86046
-36.74774
-59.30185
-95.20076
-142.61943
483.85229
1.55054
208.47659
-103.27559
78.57239
-84.53783
258.02399
-103.60931
217.11923
-33.20961
203.15889
-40.34359
216.44130
-28.34535
209.18228
-31.03559
189.68089
-62.19414
112.99525
-63.94329
85.87685
-45.88372
68.61769
-53.62189
87.38346
3.15279
90.02455
-9.70208
134.57397
-67.55397
161.48700
-61.39796
167.03676
-60.60457
169.13553
-75.96028
167.48990
-77.49176
165.30989
-64.48190
173.12180
-55.62039
148.74557
-53.93589
128.06650
-42.40737
159.39320
-40.89503
143.77711
-33.33500
151.21581
-27.22367
180.30013
-65.72881
163.42674
-76.97617
164.21339
-68.88902
141.00206
-73.35851
120.28492
-59.51517
146.87411
-35.42881
170.18045
-35.16864
186.44254
-41.08797
160.57788
-48.62222
181.48257
-27.48789
204.26755
-23.02318
197.62981
-33.29921
195.60715
-38.60914
175.78804
-54.37245
148.75911
-46.95903
154.76738
-37.91001
166.68974
-39.47883
159.49667
-46.98833
170.55659
-68.24815
140.92854
-79.84255
157.25819
-61.42033
175.04961
-75.97047
168.12532
-81.92348
180.29080
-85.75334
154.93407
-98.64590
149.34824
-113.25317
162.80789
-105.53741
180.95206
-72.10583
191.34294
-98.03334
165.20633
-117.85273
131.85873
-119.88362
77.52332
-99.75456
118.47808
-78.86994
120.46043
-105.21657
72.01476
-92.70503
67.23694
-99.69681
85.79466
-81.37655
93.53192
-61.33982
95.63951
-56.15089
83.77538
-69.83335
90.98411
-92.47540
119.56664
-141.69185
189.17259
-144.51738
71.31046
-61.87356
24.89868
-12.48163
-45.20573
-64.80434
153.43178
-35.60526
124.76705
-203.38425
123.59967
-231.33286
195.59116
-130.89420
168.38770
-119.43465
170.11108
-116.51009
169.81668
-93.12209
182.55003
-88.61828
165.41628
-114.75235
111.57084
-122.96078
72.29443
-73.98315
33.74717
-27.13702
93.25700
-2.30836
63.40553
-17.82245
87.35870
-41.69739
112.90142
-55.11555
123.28329
-92.67316
113.53632
-94.00000
123.78146
-80.62436
145.35442
-74.32260
127.89702
-79.34238
119.41280
-80.15298
119.55315
-73.05682
130.76399
-56.70079
147.97430
-44.88027
137.80620
-42.87657
123.35854
-67.65436
130.90289
-82.60462
129.30923
-93.71449
115.33255
-91.89014
123.62624
-85.56604
123.79140
-66.75140
125.57661
-59.73496
149.73901
-70.15800
162.89273
-81.91647
161.00615
-88.33084
170.64296
-89.39390
168.51697
-80.98506
160.40848
-95.13443
151.82799
-95.09590
163.82509
-83.51507
155.77611
-89.36550
157.98502
-89.17554
170.12569
-91.58633
174.76181
-98.02558
155.95810
-96.51160
165.01201
-91.05154
152.17361
-98.22282
148.05920
-89.39909
143.02538
-97.77295
147.46713
-85.90654
134.65427
-84.02990
132.23244
-76.28284
139.89897
-64.63975
127.67741
-80.90215
120.41119
-98.01393
101.45639
-82.16372
88.03018
-61.67774
70.95274
-54.56526
58.87438
-67.04031
63.56813
-47.51426
88.31266
-52.83883
75.31982
-63.34897
72.61578
-69.32244
77.75340
-77.79408
47.93447
-75.68071
49.51446
-67.77249
71.31715
-87.08709
119.72856
-98.04890
66.91521
-58.46231
22.62126
-12.55795
-49.75316
25.67936
