23.32202
-121.50447
-182.46642
-166.99973
-181.27322
-169.99904
-166.72775
-177.18007
-179.26920
-196.60825
-225.15240
-254.20035
-223.13751
-205.16214
-209.21152
-177.83957
-169.32751
-167.70300
-135.53757
-111.34531
-97.15373
-81.15164
-35.62971
-17.33850
-48.79465
-91.59608
-51.11821
-55.25727
-60.63883
-58.28051
-57.60052
-66.81903
-76.84680
-75.23682
-74.88808
-73.18577
-75.57107
-73.73370
-72.31235
-74.27731
-73.54716
-71.22153
-70.71890
-66.35173
-64.89631
-64.89278
-65.24463
-64.02588
-65.15138
-66.00679
-64.83383
-65.60279
-66.43695
-66.49433
-66.72717
-66.82715
-66.11580
-66.38226
-65.68686
-65.33225
-69.03175
-67.13308
-67.09291
-67.14771
-78.06488
-106.06633
-77.65281
-17.33572
42.67316
93.16553
29.10622
20.34170
81.10846
56.10303
-186.13164
-255.20772
-235.98383
-215.14923
-225.73514
-163.64615
-170.28906
-207.37154
-286.23193
-306.18781
-271.02917
-269.39038
-227.36426
-200.25247
-177.56998
-103.57175
-72.38852
-86.48059
-82.17455
-82.41090
-56.54755
-45.48514
-33.53271
4.93542
-34.31102
-89.04005
-106.55519
-90.09050
-59.42133
-72.10036
-102.15826
-101.54541
-95.76553
-86.43500
-75.91306
-79.21127
-83.05006
-80.80684
-79.63300
-82.74533
-77.70434
-83.62352
-83.74693
-74.78632
-74.98777
-71.97459
-71.77754
-69.07335
-65.50012
-67.94070
-68.72397
-65.81749
-69.44884
-73.49696
-72.84750
-74.14036
-76.64034
-75.49771
-73.77356
-70.27776
-71.11460
-78.48673
-99.39468
-106.20871
-108.63799
-14.17569
108.68401
76.92120
80.72349
-8.03654
137.86919
200.95389
-86.91180
-219.03136
-216.55501
-190.87762
-87.83902
-101.63573
-22.56277
-81.82162
-163.68362
-146.16266
-114.67722
-144.92926
-115.54193
-121.53253
-54.03220
-28.98918
30.75967
30.38428
-13.14162
-14.75331
-0.63638
-21.00757
6.35301
91.97209
72.46681
22.16089
-42.93846
-11.60546
-29.82043
-33.23225
-24.98722
-42.53040
-37.49758
-42.65426
-30.16216
-28.18375
-33.81268
-37.11772
-31.51067
-30.95810
-32.04525
-33.14075
-36.89885
-37.77844
-33.05620
-34.38695
-33.12193
-34.56111
-30.62923
-27.82244
-32.26338
-31.63869
-26.72089
-31.01334
-29.86066
-34.14040
-30.55526
-31.96068
-22.45378
-31.48603
-28.62700
-29.87064
-23.86701
-24.86873
-27.91627
38.03152
72.74266
104.17514
83.85963
27.14995
231.71239
151.92108
-145.56067
-173.28595
-204.88068
-107.70175
3.34848
-2.53326
-15.28540
-95.03134
-207.13821
-158.32968
-94.33731
-59.60242
-45.62833
3.58801
51.43585
72.34848
53.51726
46.91103
29.70898
2.93402
3.57560
53.34262
84.76518
92.34422
45.03703
23.06374
-28.63004
-23.92392
-23.70937
-56.11264
-31.85387
-32.57716
-23.65796
-15.99593
-14.24408
-13.77905
-16.46512
-18.35345
-20.17863
-16.13316
-19.92374
-23.83666
-27.27752
-24.47437
-26.97511
-22.66048
-21.37987
-22.62260
-26.78858
-18.91535
-24.70200
-20.53823
-20.99109
-22.66207
-12.01897
-11.26034
-16.83075
-11.23580
-5.80695
-3.38506
-6.45599
-4.40284
0.08692
20.40563
18.69831
84.97366
93.85688
46.53049
47.32068
24.40852
238.39220
93.04111
-103.18195
-106.42596
-195.68951
-61.08730
76.14201
44.90257
23.96286
-99.60010
-155.32910
-112.63342
-47.54556
-33.30927
30.43132
73.56386
110.55907
95.89333
98.44014
76.03964
24.04084
37.69293
63.66188
114.67236
138.48627
79.09383
14.27569
-40.20563
-40.17751
-16.48315
-18.55141
-34.80971
-15.02452
-5.56638
1.34831
-1.32320
9.96890
7.48538
2.70984
2.15015
-0.25845
-4.46225
-10.87440
-11.03546
-17.95531
-12.84862
-12.62184
-15.79603
-16.15180
-12.88742
-4.63092
-5.78957
-7.66824
-6.68700
-10.34151
-5.39471
-11.54619
-3.32271
0.57669
1.89091
5.57419
6.11330
5.31239
9.03353
11.18482
11.11444
-0.48326
20.11586
90.69146
56.08847
84.23392
-1.41298
196.02470
54.09010
-87.00113
-85.21600
-187.15556
-63.77997
37.57747
28.16118
-54.67328
-153.16885
-119.32294
-65.09695
-43.00284
12.38831
65.84189
122.72229
96.33813
96.42734
64.47995
14.56609
26.17131
64.60501
91.05355
87.88110
57.86074
12.54919
-42.71333
-53.07830
-28.49422
-17.76270
-23.77673
-17.85921
-5.59817
-2.01570
1.35969
7.19911
2.15042
4.22250
0.83455
2.87778
0.59554
3.15873
-11.42985
-12.69557
-7.63512
2.27985
-4.02584
-8.49351
0.05567
1.20512
-0.59623
3.03088
-1.95773
-1.46025
-3.49397
-4.75058
-2.69518
-3.42584
0.71114
-4.05300
3.65563
-2.03817
1.78065
8.09610
12.00953
15.74916
-0.77641
18.38734
75.49254
49.43496
56.88933
-2.38188
238.14145
9.90538
-90.19431
-80.97754
-139.91936
-66.80800
21.38715
27.40570
-99.56369
-136.29510
-71.80957
-27.37842
-12.70799
44.40448
87.23135
134.21419
123.87947
60.11803
11.55881
54.87354
62.18509
112.06644
95.06931
44.16404
-4.94241
-43.04280
-55.60187
-48.27571
-27.01624
-12.79375
-15.31707
-4.64648
-3.72789
-1.22770
-4.63699
0.85843
-4.98328
-5.63190
-6.91437
6.75249
5.13911
4.21468
-0.24427
0.94108
1.84551
8.66135
9.74749
-7.58247
-3.24692
8.39792
6.02365
3.68801
3.77469
-0.81474
-4.83155
-1.85589
-0.86497
6.23749
1.98647
7.08107
-1.61031
1.34074
2.15955
9.86341
5.81664
9.19398
-5.24784
10.71019
62.80620
52.61218
51.48047
0.97960
271.11688
-11.19000
-88.65958
-85.71857
-121.32123
-60.06210
-1.85782
-47.71298
-127.61523
-85.64944
-13.33151
-12.74185
20.25655
51.02164
83.81879
87.56470
65.15144
46.28077
21.98441
54.59203
104.20816
114.51367
50.08300
-12.44576
-33.68427
-52.00096
-46.65330
-28.45216
-17.05519
-13.46221
-2.31068
-12.18275
-9.27691
-11.17264
-7.84033
-2.04942
-14.42719
-6.30741
-6.20283
2.68070
0.62562
1.10313
-1.72195
-1.16228
6.20085
11.17809
10.16565
-0.81123
4.46888
6.58438
16.24293
6.50707
12.49912
5.54858
0.96909
4.79849
2.54562
0.94910
6.76875
2.48103
2.60318
0.18729
3.58969
9.39112
7.42935
4.65202
-8.96787
15.46048
66.57565
43.27215
44.47522
0.29469
300.55817
-12.18286
-108.00577
-75.43701
-127.74121
-43.35211
10.04352
-58.07272
-107.64828
-27.16687
14.76962
36.87418
52.60609
81.45850
98.83755
14.67482
-8.83896
9.99347
43.07143
149.61699
69.93799
27.62633
-11.20989
-78.19650
-57.54945
-39.70624
-29.44463
-27.63955
-6.58353
-2.98285
-12.18960
-15.57193
-13.17084
-9.65488
-10.20018
-16.67244
-10.40311
-16.65572
-5.29498
0.82761
-1.28312
-4.40703
-4.61760
-7.59747
4.57579
7.75814
5.34755
-0.71591
5.09558
7.79968
15.26449
13.43892
9.35780
11.70193
5.17422
4.79261
3.49140
6.32444
8.44020
1.64022
-3.86823
-4.72329
4.28017
7.48306
8.60706
4.35538
-11.42838
12.20159
59.17225
44.99108
35.32916
-4.63335
326.22003
-41.95784
-152.36954
-68.75165
-104.88416
-25.52689
-7.60156
-51.90817
-60.42404
-15.70078
23.42584
61.12738
64.95734
82.71194
87.91216
-16.91306
-10.62669
-17.81823
103.66384
139.31735
4.50769
-63.25828
-77.49978
-74.19357
-26.66738
8.89000
12.38380
-3.95837
-10.02374
1.45219
-7.46999
-13.78694
-6.04590
-1.83763
-14.48570
-19.00069
-13.10995
-12.18158
-0.49116
-6.29681
3.19157
-2.91789
-3.40257
4.14340
12.11068
14.06003
20.55860
15.23911
21.36466
16.55218
17.15974
14.84245
9.95428
0.20062
-0.57182
5.41762
3.01424
8.54187
13.71761
14.50492
5.22040
1.07150
6.80474
8.51778
5.05842
5.98833
-13.05891
9.96017
64.98622
40.55268
39.60865
-2.97492
300.76208
-47.39781
-184.06506
-45.61893
-89.88910
-32.13644
-16.54138
-44.95209
-26.21057
11.20552
35.21387
71.17923
65.87811
85.64578
88.97862
-23.84134
-72.14725
15.11248
162.88611
152.04738
30.09859
-127.47978
-76.37682
-12.66100
-2.94119
20.71593
8.96258
-0.02171
3.78355
1.30042
6.46030
-5.72341
5.64628
-6.60742
-6.90347
-20.66270
-12.40697
-0.95656
-2.03981
-5.66199
-9.62341
-4.47395
-1.15511
5.52645
31.72613
29.41264
19.60206
12.09933
17.25671
30.39702
16.81956
21.34229
10.13893
19.19457
21.17191
18.27721
19.96363
18.86678
10.12499
2.80305
-4.01982
-0.67949
4.96041
6.93159
11.29172
4.23716
-17.12306
17.72459
63.73499
40.75486
39.00867
-4.42912
329.73022
-56.12883
-181.93457
-31.78079
-52.48895
-29.56708
-29.55115
-27.59152
-6.68872
29.60925
75.81386
129.06461
43.22733
92.76569
120.94671
-2.81050
5.75469
103.07339
172.92628
146.81017
33.74602
-81.56369
-48.12677
11.35892
19.58272
24.89158
0.09521
-3.22752
-2.06834
3.12990
3.98582
9.38364
11.56641
9.48291
11.12212
3.39601
3.66225
18.70351
18.69305
12.31890
7.87006
9.24364
4.73917
13.76711
-10.45822
-18.14122
-12.90384
-8.22343
0.58408
5.46037
9.76229
15.00331
25.74413
17.36556
27.20135
26.45974
27.78680
15.86874
15.79548
13.78272
-3.76324
-0.13110
9.93002
4.53088
10.38725
3.18582
-10.57938
17.51852
61.33765
44.76178
42.48294
0.36793
307.37451
-38.37035
-192.36520
-20.45163
-38.66739
-16.15875
-13.50616
-1.65967
0.01273
19.93503
118.37912
120.41513
35.22552
103.43377
38.00875
-35.42384
66.34209
111.27132
164.87497
47.65407
-49.62389
-86.09830
-16.34381
15.78544
12.66897
11.44431
1.34116
-2.88142
2.10277
1.41090
-1.92969
-3.29224
3.33385
-5.92075
-3.66303
-1.96747
11.85233
4.64826
11.25523
11.76534
-6.85767
-17.11576
0.35463
15.26657
-32.71655
-64.90001
-96.39774
-113.25536
-77.44112
-72.54004
-90.30574
-45.22063
-30.74362
4.72391
-11.23708
0.38088
14.42677
24.65679
37.21945
20.40469
28.86032
17.10172
10.83773
16.71662
2.47408
6.53990
-3.88306
26.07324
77.56896
46.01720
45.49942
0.35431
323.22025
-38.01105
-172.27786
-12.51547
-33.47333
-20.34146
-3.15042
11.18204
-4.80225
37.93204
148.54198
77.78940
-0.61873
54.68295
-17.70789
3.31188
83.50215
137.39684
129.20036
-33.37714
-48.02699
-61.39809
4.63611
19.76155
-4.09042
-1.56604
-13.38026
-13.77964
-10.92466
-10.31551
-6.87988
-8.32317
-7.10798
-8.11110
-8.59056
2.20877
4.85021
9.61707
3.26759
-2.69273
-30.23166
-58.22189
-70.61227
-120.04841
-145.28632
-194.45184
-213.75096
-210.63908
-224.20132
-234.04260
-229.49342
-178.10498
-115.69601
-70.91570
-72.20215
-60.48862
-50.11128
-36.96420
11.13572
9.64285
-11.39207
-5.46693
0.80500
-15.96724
-2.00177
-2.54972
-5.68932
27.63359
69.66183
46.10897
44.78029
0.67389
342.16602
-56.03442
-191.42545
-20.03262
-40.71658
-16.67532
19.28958
3.44435
-10.22021
80.25607
136.10785
18.81503
0.22653
55.69748
11.39633
90.44147
108.75608
97.34400
41.78792
-44.13253
-42.18372
-13.38731
18.08692
14.27434
5.77751
-9.00259
-13.09102
-19.26852
-15.13661
-16.08175
-15.21780
-20.47846
-17.99245
-19.05767
-10.45979
-6.84870
-0.47701
0.54828
4.90584
-6.55621
-48.04915
-70.37613
-31.46725
4.20010
-23.42485
-80.95453
-113.21513
-113.54208
-165.10452
-168.32439
-185.24654
-190.80051
-221.31213
-203.65579
-175.46976
-176.09781
-173.56476
-156.85809
-110.63364
-49.77477
-55.55237
0.24260
6.32108
-25.98966
2.17610
4.35486
-2.07964
38.79589
78.40004
44.23309
41.82930
3.16328
350.36920
-50.00931
-181.21033
-13.59991
-36.17538
0.40256
30.21365
-15.96317
-4.23834
153.60013
104.01787
-28.64105
12.23181
-3.78096
76.77940
144.52039
86.67452
18.31287
-36.62933
-69.70163
-30.11737
15.65051
7.50191
1.14728
-5.67059
-6.90317
-7.47810
-7.51610
-5.73915
-11.22334
-15.56758
-12.61024
-14.78845
-14.43917
-13.60025
-10.70641
-9.27049
-8.60046
-8.21014
-20.81564
-50.48249
-17.64322
50.73512
75.19656
87.93199
107.57501
99.82654
74.84109
72.76537
13.47957
-38.70505
-34.70943
-80.11536
-111.48346
-127.93529
-123.96889
-137.79013
-107.22046
-167.31027
-128.01279
-66.03674
22.78051
-26.10255
-21.29904
-9.35839
11.58458
15.05817
39.97530
83.32869
45.75980
48.53725
2.54141
351.29559
-54.42323
-188.36618
-7.89267
-37.03656
17.40915
20.40369
-30.96646
28.93716
142.05243
51.29160
0.43629
52.82973
-25.97101
76.39867
137.38133
47.07912
-42.12246
-99.58734
-61.04410
-1.04877
11.19274
-5.03386
-7.05830
-7.02509
-1.02795
2.33569
3.71190
5.32804
3.95673
0.76127
-0.70482
-5.21634
-6.62996
-3.21586
0.41434
-0.70227
-1.70308
-4.05748
-12.62427
-19.88861
20.50716
58.16969
90.98932
58.03429
-3.05095
51.79472
73.16866
-7.31412
37.89519
44.45309
91.63342
37.47150
94.63640
68.26617
80.98607
11.41730
10.14598
-32.86714
-80.10486
-1.65909
54.14381
28.53094
-43.51183
20.21786
9.72363
27.56478
33.07941
67.34668
40.06021
48.35153
-2.02848
351.89423
-57.78941
-183.05640
-6.16281
-24.27136
27.77869
-0.48096
-38.92310
113.06035
153.75555
-13.86925
23.62032
33.62026
58.75047
118.80667
78.11111
31.32841
-73.13526
-88.25880
-37.66896
9.46828
5.48989
-10.01472
-6.55960
6.29656
11.25615
13.45543
16.25642
17.11982
13.76656
15.28037
10.79380
8.97535
5.32573
10.40643
16.00449
9.67578
-0.52411
-4.64631
-3.08223
-1.70891
21.79468
68.57693
22.55356
8.08282
26.47739
23.39667
44.81587
71.13511
75.19601
77.01678
75.44615
49.51582
89.32730
4.72351
32.81947
72.17140
-22.78287
-24.37288
-16.52768
29.49550
60.12985
-20.67141
-20.35400
38.38834
20.36671
18.67056
23.81027
67.51343
54.34035
44.76223
-14.34474
351.61740
-54.68811
-178.43927
-3.18784
-13.88235
19.38138
-19.57062
-7.19760
136.53728
109.55910
-49.89514
37.18240
-13.96783
92.34584
115.36214
58.65736
-33.86339
-97.12165
-81.16974
6.56023
9.46310
-12.28394
-19.02977
0.43320
10.66133
12.00719
11.38319
15.38197
15.10715
11.80620
10.43977
14.20470
11.49014
15.45107
20.74915
18.75717
9.50932
-3.79259
-12.72060
-7.25480
-3.19247
0.61378
7.40652
-2.27519
6.33495
0.98399
58.76738
50.08403
51.81037
53.28899
74.97376
57.75410
33.03455
57.23032
101.07373
65.75714
81.56577
9.98061
-40.14625
-15.64856
65.95819
33.78262
-82.49561
-47.71324
44.59627
-3.41292
-9.83038
0.07837
25.20255
49.63305
39.96369
-29.37945
353.04407
-56.51814
-177.06070
-7.25623
4.73700
9.01740
-19.98819
47.82684
137.14824
26.53793
-77.49164
0.56476
11.63015
116.62328
78.11662
45.32729
-48.25875
-133.04532
-44.97539
19.69743
15.85995
-34.86262
-21.72961
5.53641
20.23919
19.13393
15.70654
18.54681
18.20605
17.73742
6.33424
0.04076
-1.98195
4.00495
15.57014
17.25872
-1.74139
-17.40082
-19.14484
-11.79583
-10.39435
-15.83884
-10.34921
-8.33137
-5.48342
26.15202
28.76368
42.17413
32.97633
23.48338
50.98441
33.50916
45.42270
55.54037
60.65118
20.05725
37.25330
18.42314
-3.14944
44.37175
114.48572
36.30860
-139.15604
-43.58292
43.65453
-39.27757
-86.76437
-42.47571
-11.28241
41.68779
13.59368
-32.63183
351.79007
-57.11359
-176.39130
0.29648
14.06213
7.77832
-24.82941
104.15796
79.43680
-62.73624
-82.14291
-20.22961
62.45286
91.56535
55.09367
13.26219
-105.61309
-112.08961
-3.40331
56.11734
-1.97914
-68.11824
-9.47664
8.09311
27.20074
19.43026
18.47720
19.55361
22.41992
18.65426
13.89978
9.91848
8.21480
25.36365
32.11480
19.17469
-6.42390
-18.29821
-12.71522
-2.16169
-10.73074
-12.90952
-13.54298
-18.94750
-19.16368
-17.87411
-21.54303
-25.67616
-26.12451
-18.05460
-11.53967
-4.65777
3.61282
27.80791
14.13415
10.60890
-1.56203
-4.60947
-26.71004
66.50143
103.67166
-18.74406
-156.99542
-32.50586
74.18935
-3.14851
-109.94336
-43.67281
8.32207
14.30428
5.43880
-25.69267
353.57986
-64.71115
-169.72147
10.76471
23.34778
24.49057
4.34793
100.16635
10.19312
-106.30017
-77.62088
50.81543
65.61574
-30.58505
-45.49199
-68.13843
-148.13338
-90.91867
46.00362
57.45983
-1.62096
-54.82764
-13.37994
18.97942
26.34560
12.58887
17.69391
17.60365
19.26543
15.70535
12.23047
4.65013
15.41397
31.84837
47.62244
23.48088
-11.18642
-17.15450
4.78764
13.62517
5.31870
-1.70616
-6.48015
-7.45409
-5.76349
-4.27818
-8.57129
-17.08652
-15.59432
-25.06226
-31.13312
-39.43469
-41.01036
-48.03674
-47.67520
-47.29642
-34.34048
-21.55673
-15.34308
41.52032
69.65392
-100.13762
-131.32483
-11.93124
20.53595
-47.39497
-120.50211
-85.32022
29.48268
3.84721
5.43785
-3.42332
355.72278
-71.06479
-167.57367
24.73587
35.30298
27.48990
13.66655
16.77457
-32.92502
-130.97298
-36.96704
68.37350
8.80580
-141.57706
-90.51355
-152.76181
-192.53937
-39.49536
64.76543
62.37589
-58.59999
-42.41956
5.10495
38.89274
33.04207
13.22524
12.24156
21.83877
21.06577
20.87261
9.68987
10.80890
13.99726
40.07679
42.04233
13.28202
-9.08192
-10.75769
23.89905
35.73450
13.88992
4.89441
7.32672
8.47879
7.96059
10.87671
3.11752
-0.99417
-4.15001
-5.29282
-11.77731
-14.27881
-11.41583
-17.76878
-26.46138
-26.77254
-32.10794
-31.26631
-41.46335
38.81897
-4.71979
-193.56241
-54.09274
-18.19411
48.19373
-2.01759
-86.62915
-47.86301
-8.95094
10.83844
46.59119
2.83894
356.22150
-74.93387
-170.12308
24.97778
40.81383
30.45917
-25.37958
17.33372
-71.35806
-65.74991
40.23853
86.07233
-30.12817
-151.62413
-121.70181
-157.97849
-154.49866
-38.65555
38.86352
24.59365
-51.74146
-41.40686
6.05178
57.42110
25.65934
-2.26350
-8.40222
10.95372
9.20797
13.97755
-5.44891
-2.71138
3.10165
19.64215
12.58587
-23.68597
-34.10695
11.15027
43.88833
47.02997
18.64270
8.42422
10.95902
8.37224
21.14914
28.48827
18.82367
9.58743
8.42415
4.10533
1.24342
1.94717
-2.52357
-1.55473
-10.39374
-7.49042
-18.13828
-18.39584
-24.44269
67.10034
-34.16374
-150.91589
27.27209
63.74001
20.40800
18.46631
-25.44423
10.18472
14.10712
43.81726
32.58301
-5.64169
352.48352
-74.08304
-161.43143
40.16299
73.36963
5.23636
-39.93863
-1.34351
-66.30595
-37.04041
71.39273
115.70752
-96.95178
-165.37556
-147.46243
-117.69458
-87.67630
-18.45113
12.80623
-50.21384
-55.10291
-9.81750
11.79296
34.76933
14.53016
25.21642
-33.22836
-16.37227
-15.49608
-33.42429
-35.92652
-27.01557
27.83685
20.33855
-17.38882
-44.47678
-13.04902
22.66801
41.89464
22.63425
-5.44878
22.25577
3.19418
8.49628
23.95937
42.50205
39.57944
39.84148
34.41628
27.07098
25.57161
20.13124
16.01109
19.74472
31.08529
18.74309
-9.89926
21.63199
53.88428
60.39778
-47.03786
-31.72034
3.71136
121.97545
30.65579
-20.76903
-81.69397
-13.76987
-0.61046
36.82179
79.52650
34.25668
353.76129
-74.98032
-168.56625
62.17108
66.19647
-43.39026
-51.08594
-11.31134
-37.86945
13.53583
118.58435
3.38129
-227.56264
-200.11383
-130.85602
-81.01944
-43.25424
-12.38289
-63.99457
-97.89969
-71.09134
22.19434
23.45287
21.38480
-21.53797
-0.02792
-18.76672
-32.44653
-32.95679
-51.89587
-35.33379
5.58849
39.95949
32.71371
-17.36719
-50.32220
-9.83883
57.00401
44.28414
-23.69286
-34.40768
7.37557
12.76765
21.96301
27.35682
46.03714
40.46204
45.20747
24.39732
34.95079
45.23600
58.43693
47.29233
53.69302
73.53328
47.90688
12.78578
68.42136
85.21220
96.98933
-72.19709
51.92801
98.62788
139.35489
57.14549
-30.05600
8.39041
33.53371
45.86211
41.80430
22.40462
35.82378
359.11041
-87.75992
-156.93555
95.19189
39.82245
-103.64426
-57.84254
-38.43100
40.72702
119.16753
65.46603
-32.32686
-245.31812
-163.91995
-80.43546
-20.70541
37.92696
9.31512
-92.68564
-90.26013
-71.36610
30.31437
18.19930
-12.89345
18.83741
23.86327
-1.23881
-34.85791
-33.00826
-41.98359
-11.69835
16.34934
43.07703
15.38164
-31.38914
-40.20280
9.79182
76.00434
72.40172
-24.87142
-65.53846
-11.64102
-0.91814
1.89644
9.73002
27.24539
45.59956
46.47539
32.09383
19.50618
37.71148
47.87819
64.89868
62.54565
58.42802
23.24617
19.74831
69.66086
87.36922
73.13766
-66.28186
30.31612
135.10193
47.44342
105.48216
-13.32057
-10.22969
-5.62102
45.25589
79.07951
72.14476
30.17684
362.86395
-89.75873
-143.16965
148.54935
24.47038
-157.14558
-60.79881
-17.78351
108.02774
159.02328
71.07927
-183.87128
-203.76874
-55.08936
13.62967
128.80255
91.47339
24.61897
-40.07083
-84.82065
-43.49237
-4.36963
-8.60107
-28.23284
12.98367
62.15089
41.42580
-7.58242
-24.08888
-30.02865
6.75095
47.57816
50.04163
20.83176
-31.15498
-25.61371
24.77013
90.46953
54.26891
-29.13560
-29.73306
-11.44752
-29.86954
-31.98019
-14.58165
-37.38199
-21.48648
20.05810
42.18723
37.06735
14.73174
25.41476
52.90819
70.09528
38.97742
7.79565
27.29788
69.31409
98.95263
43.92003
-41.42580
53.40858
73.71326
22.23775
98.36067
80.63417
-9.96213
-19.02190
36.73337
58.11975
61.72936
19.25418
390.26447
-89.30948
-145.88239
137.49362
10.91350
-163.66537
-14.08942
25.82829
112.64914
166.02873
24.94763
-239.66852
-172.33362
-17.97595
61.58981
104.70822
22.48448
-57.29767
-126.96011
-81.30359
-70.92889
-54.94789
-68.75916
-33.13257
10.86372
13.99364
19.82820
-15.62619
-12.50412
-7.51970
40.70445
57.93872
41.10548
2.60886
-43.80518
-3.20573
12.95007
77.92892
63.68126
-36.40381
-9.10502
-30.64586
-30.88211
-61.59897
5.14462
-45.92079
-67.47949
-45.67641
-0.68092
26.71876
-3.16561
-18.88896
33.55647
26.82860
5.49864
-58.55048
-55.09654
50.95534
55.80461
-22.46432
-20.53822
55.10899
8.64059
-26.62665
32.64690
44.54552
-31.93710
-48.16162
56.59564
56.61263
48.64374
12.79879
406.43616
-65.19293
-159.51959
113.86002
-34.47711
-113.44463
8.99608
89.61432
164.02679
87.06702
-69.13141
-184.64764
-121.51270
12.45168
83.13120
73.67453
-42.45100
-80.79501
-20.85342
-18.97530
-18.05191
-46.83330
-90.14565
-92.97733
-35.25414
-5.45706
-18.90453
-21.36326
5.85204
25.61486
59.13830
50.79175
31.16305
14.06296
-13.08546
-9.60286
17.12630
58.16150
13.83727
9.47240
1.59638
-6.85780
1.88934
37.64998
17.23823
-41.61639
-55.59994
-26.29162
37.55888
0.00292
-58.39659
-42.87553
16.99547
-13.06137
-44.94376
-39.58011
-14.92433
2.68126
25.30304
-57.62734
-27.04395
-62.68011
-7.83224
-37.00130
-103.18044
-60.22583
-56.15750
-84.35269
70.15985
62.06667
43.04490
20.93240
361.02484
-33.94164
-164.44281
71.69092
-84.68001
-71.89676
16.26859
85.57826
123.40244
103.13788
-61.27670
-165.02066
-81.67371
-4.98692
56.32983
34.84154
-41.47937
2.35469
-16.79808
17.17459
24.48840
-56.69217
-102.79623
-66.02774
-50.13123
-79.56563
-40.64749
-6.28436
11.07574
34.41657
61.67654
34.84740
31.39008
24.30970
19.30524
14.73283
12.56071
44.04705
28.37037
39.44907
11.89897
3.12518
-7.27448
80.82522
69.02972
-24.20111
-64.01715
-38.52798
-8.13075
-9.92130
-43.01738
6.69174
16.71011
12.86916
-16.50668
8.02736
7.56693
10.17221
-31.25979
-63.93513
14.98402
52.31770
-2.02118
44.04037
-23.51715
-5.12396
-92.33598
-56.23950
103.18157
59.37374
57.87160
21.44830
404.65735
-27.38176
-163.34488
34.74515
-65.29736
-26.85138
-66.74850
17.33240
48.57309
67.15515
-90.79166
-140.06891
-104.25589
2.35834
22.21884
1.92911
-35.92786
-0.24620
30.48810
-10.38826
18.10062
-45.87865
-65.61394
-71.16220
-82.89664
-82.09903
-82.43019
-91.37696
-14.85519
25.61403
11.71001
-39.63530
-5.91483
43.17020
3.02966
-24.29475
-4.66823
13.44128
66.47076
32.78731
17.91251
12.80312
38.13105
69.32272
68.29025
-30.16676
-50.68100
-8.25911
44.19845
-10.84825
-23.68597
18.90504
22.56310
-32.15529
-49.29391
-8.21562
28.44960
4.16444
-109.73705
-36.45660
25.86897
57.20497
78.63988
76.38046
-1.55942
-53.63866
-125.50671
-92.29483
94.41413
67.75957
87.87913
1.40701
423.04755
-42.49068
-228.62003
-14.81967
-60.62592
-62.48997
-59.40817
-57.99689
-33.37198
69.05969
-84.07269
-121.10498
-106.44620
12.71793
45.30025
27.86957
5.49150
0.15306
-40.38698
-59.13504
-56.96185
-53.98927
-2.40053
-19.95990
-64.63905
-88.78268
-89.30426
-103.33578
-155.57211
-83.01076
-52.91367
-132.28726
-104.55838
-11.08179
-5.86409
-61.02812
-72.48697
-43.25362
-17.52502
-0.59216
-10.16507
-27.56347
15.90825
29.82321
33.05847
-4.23808
-61.67747
-38.70855
-52.31967
-69.50482
-83.72006
-52.46954
-54.26631
-53.40448
-31.81537
-0.98077
41.84819
-6.83813
-54.67764
-65.48692
69.35768
57.68623
34.43176
4.80446
5.99731
-86.13869
-62.71454
-19.42169
112.29237
63.97854
59.35071
6.40747
384.28973
-29.14952
-241.50140
-4.51404
-44.48172
-65.27132
-53.55852
-17.43091
-0.00137
27.06396
-70.25177
-54.21393
11.53638
11.79120
31.27274
79.18542
61.06781
-7.07071
-36.74698
-79.09592
-57.86725
-9.65524
-2.38977
-11.77975
6.55252
-18.23563
-73.58481
-130.52058
-150.02481
-125.76299
-169.09241
-197.51297
-181.11488
-141.30113
-100.24484
-172.32474
-198.21707
-157.53960
-104.73761
-79.21326
-68.29509
-85.78838
-76.23654
-19.99025
-28.01199
-48.76862
-45.45218
-46.99200
-75.73170
-67.41298
-43.27194
-48.14697
-74.93750
-74.64359
-36.29941
-31.09952
-10.68343
-63.62318
-13.27693
42.45380
71.08849
131.75275
18.56380
-17.44702
-16.89082
15.79308
-6.17567
69.71062
157.26289
99.03774
69.85178
26.50943
359.31812
-47.03568
-226.22144
14.82965
0.60797
22.50731
-30.54837
12.15387
-0.83347
32.37035
-51.27231
-19.59003
46.35428
37.71333
48.35184
88.39139
86.88425
33.90627
-49.29706
-22.22368
9.97578
-1.44266
6.79521
-26.78821
-14.29941
-0.71140
-8.58144
-42.86137
-49.41911
-46.59575
-88.55383
-150.53412
-136.84302
-140.34120
-163.22307
-213.77228
-205.84741
-194.32602
-163.71082
-156.85475
-175.82910
-193.99005
-194.61163
-158.33459
-143.57343
-108.43781
-90.97177
-84.63548
-48.31451
-56.28244
-21.54953
-32.17938
-57.12234
-37.73784
-25.04016
14.30670
-4.38818
-69.19594
-4.07297
81.78087
119.44427
111.88115
14.59016
24.22398
76.01804
42.37144
50.46018
131.05373
155.79813
90.26403
80.13017
5.53612
342.56384
-62.92421
-196.27283
5.15909
-1.42303
-49.69189
-56.69983
-16.73077
9.87369
-16.13933
-46.81416
24.13560
96.64984
40.13344
75.49605
66.56519
70.34946
52.75578
-33.01155
-19.73132
4.85727
30.05615
8.86310
4.57355
11.81677
10.45447
-5.42654
-4.53284
44.22252
-11.87277
-60.59569
-49.33681
-44.33203
-26.37532
-15.89088
-73.79773
-65.21399
-67.27356
-106.50928
-107.53702
-142.13248
-146.62184
-148.89600
-130.18124
-122.82271
-138.75864
-126.50668
-113.65308
-121.51543
-124.94705
-73.55853
-64.38104
-107.58698
-71.98521
-41.49133
-59.52060
-58.22902
-96.02905
12.28226
25.39534
56.23131
61.77813
-15.03415
-60.64224
38.13027
65.37395
85.21705
101.53351
124.95107
133.43146
97.73082
-33.51410
354.32269
-39.15302
-149.47668
7.45142
-34.01463
-32.83928
-43.21674
-1.14404
56.22897
14.49004
-48.16954
22.22525
1.97625
82.77141
77.90324
47.01984
60.00686
44.16953
3.76895
24.74380
41.81174
48.19507
16.70207
41.80391
33.02980
30.87643
28.89594
1.09778
28.86946
-11.00140
-46.62245
-35.82829
-5.38220
-0.88071
-18.75941
-77.98323
-74.43295
-21.37424
-58.63980
-52.06587
-64.32658
-84.80534
-58.63824
-37.83331
-36.35934
-105.90631
-86.03343
-94.25244
-55.76369
-65.26804
-39.92163
-65.57855
-59.02563
-68.47754
-84.77649
-91.86844
-111.85924
-142.77094
-111.53242
-15.47301
9.04413
-38.85695
-12.88135
16.03986
19.58475
-7.73596
14.11610
17.85031
50.96864
97.11753
41.37211
-38.18784
297.38419
-61.38490
-88.30542
59.93666
65.32161
72.08728
47.80649
101.77739
107.85332
98.50462
46.82529
47.57889
22.11208
48.07394
98.63181
87.57259
109.98219
93.11533
61.75648
106.44636
132.45422
95.43645
90.05492
89.11073
83.42334
89.63130
94.09901
75.82921
96.50143
59.68661
20.26207
66.28307
38.63885
71.26001
28.68788
22.68393
42.96936
62.32185
59.95493
49.67923
20.47510
11.72195
21.20978
42.40375
39.02092
7.15833
3.99072
21.43906
51.23882
54.00648
72.49796
68.47630
52.04147
59.35387
68.35242
30.12584
-8.52607
-21.90549
1.06035
-9.50987
-33.94626
-51.95394
-84.45045
-103.59292
-42.21101
-71.71406
-123.66010
-60.42064
16.66953
-13.40141
-36.74774
-95.20076
483.85229
208.47659
78.57239
258.02399
217.11923
203.15889
216.44130
209.18228
189.68089
112.99525
85.87685
68.61769
87.38346
90.02455
134.57397
161.48700
167.03676
169.13553
167.48990
165.30989
173.12180
148.74557
128.06650
159.39320
143.77711
151.21581
180.30013
163.42674
164.21339
141.00206
120.28492
146.87411
170.18045
186.44254
160.57788
181.48257
204.26755
197.62981
195.60715
175.78804
148.75911
154.76738
166.68974
159.49667
170.55659
140.92854
157.25819
175.04961
168.12532
180.29080
154.93407
149.34824
162.80789
180.95206
191.34294
165.20633
131.85873
77.52332
118.47808
120.46043
72.01476
67.23694
85.79466
93.53192
95.63951
83.77538
90.98411
119.56664
189.17259
71.31046
24.89868
-45.20573
153.43178
124.76705
123.59967
195.59116
168.38770
170.11108
169.81668
182.55003
165.41628
111.57084
72.29443
33.74717
93.25700
63.40553
87.35870
112.90142
123.28329
113.53632
123.78146
145.35442
127.89702
119.41280
119.55315
130.76399
147.97430
137.80620
123.35854
130.90289
129.30923
115.33255
123.62624
123.79140
125.57661
149.73901
162.89273
161.00615
170.64296
168.51697
160.40848
151.82799
163.82509
155.77611
157.98502
170.12569
174.76181
155.95810
165.01201
152.17361
148.05920
143.02538
147.46713
134.65427
132.23244
139.89897
127.67741
120.41119
101.45639
88.03018
70.95274
58.87438
63.56813
88.31266
75.31982
72.61578
77.75340
47.93447
49.51446
71.31715
119.72856
66.91521
22.62126
-49.75316
132.83752
213.66243
219.51099
149.23912
91.27148
68.46823
69.50838
108.04828
126.72551
139.90268
162.43024
139.87442
135.90857
103.38313
98.70282
87.60800
77.87036
101.35880
83.12595
79.00129
70.72161
55.52599
30.10367
60.31597
65.53442
72.22642
71.34026
12.66971
15.71223
39.66871
41.67700
46.44016
53.82792
40.76507
36.40798
36.62591
37.02274
35.52714
35.21452
33.44777
34.35294
35.52258
33.55136
33.22376
35.04302
34.60799
36.21982
35.96632
34.35046
35.94942
35.84408
36.40006
37.29689
36.52212
36.94432
39.43147
37.40057
39.20242
37.85651
39.14520
38.38489
41.34018
38.06228
40.69585
41.26398
52.83448
43.85717
-20.29707
-15.62027
40.81988
84.53319
-24.65035
156.08566
156.50836
223.07684
84.14758
-28.63435
-49.67419
32.51336
67.31575
74.80444
120.73270
147.65959
98.44907
36.18224
42.14869
29.45504
1.76690
-8.67656
-15.79448
-23.75023
-3.68845
11.52663
-46.75862
-55.85134
-65.22115
-96.24110
-70.58145
-6.02562
10.13742
34.66282
28.52814
0.63477
21.65387
31.79749
16.84967
18.12793
18.66319
21.38815
20.59008
24.36332
18.09595
14.19487
15.55566
14.60978
14.44561
17.77172
10.86144
10.83377
10.64930
10.37061
14.87888
13.11453
12.81379
13.72780
11.14331
14.29479
14.65321
13.52997
13.18789
12.16680
8.34552
12.04464
12.14506
13.40171
15.27998
23.62230
15.93243
11.90579
-44.29538
-78.40590
-73.70163
-39.97474
-167.95435
247.26122
211.86539
165.84975
93.87714
36.17273
27.46095
118.67540
176.88864
145.92831
179.92773
176.79782
120.13229
89.03854
88.92227
73.20546
59.08939
45.06582
62.72573
61.40715
85.52636
78.85584
33.37510
8.87001
24.28624
33.69225
37.59964
79.27651
67.15378
39.65978
33.56494
34.66737
55.56009
37.72393
31.47297
35.04164
38.43960
37.47797
43.27934
48.85395
44.40561
47.55371
55.06892
51.60310
54.34303
50.54399
44.31419
45.08807
46.55407
45.47199
48.71051
46.72992
49.51273
46.83740
51.44028
50.73961
53.76402
56.49887
55.47910
55.16983
55.63617
53.24262
54.95997
54.95443
51.42944
54.45383
78.14073
98.05920
26.64258
-2.21110
-16.26454
-19.15339
-101.73282
259.88278
160.79794
63.18049
34.05412
36.98291
55.65051
103.58157
138.09799
131.32101
159.73647
99.56614
38.99828
21.65997
18.38601
5.41885
9.31217
16.51175
16.41345
34.06422
-2.48956
-34.84993
-90.40820
-16.19998
67.45627
78.49194
47.71308
27.76723
47.80624
4.79498
8.96128
11.61726
8.26283
11.72069
19.50330
30.58291
28.74167
30.09387
26.01576
24.05307
25.73798
24.03931
27.98443
31.54704
30.43021
32.70957
35.38174
30.41225
31.43517
30.17979
31.47654
35.19541
31.67664
34.60323
34.85303
33.91951
33.63747
27.25581
26.33599
28.13259
29.41453
27.02223
32.02504
29.53378
23.72706
21.27147
22.60822
26.56355
-9.00812
-86.09793
-79.04588
-45.62244
-103.84238
236.56131
148.81488
27.45557
76.21732
103.71095
81.21912
114.17662
155.68025
172.14180
120.49622
51.21166
45.26038
59.77619
63.57811
80.32331
69.06655
58.17107
64.81151
27.83118
0.81142
-31.96513
12.72288
80.75916
115.90836
38.02292
18.04851
29.14243
12.74227
9.41939
13.42456
9.56651
13.31733
24.52715
29.22891
39.10513
37.93748
37.62960
34.25687
35.18632
34.86940
36.99869
39.34096
36.10150
38.66743
42.65088
43.93142
44.63479
48.79084
45.21753
47.66720
44.20144
45.63787
45.29372
46.31655
48.15729
44.29589
42.23814
42.50871
40.66840
40.82414
40.65374
37.67302
40.90527
37.29428
39.14232
39.37373
36.93106
-1.83525
-68.06245
-53.00497
-3.56401
-82.41539
239.58618
173.80348
30.35146
87.19590
120.61868
97.22453
125.63694
124.85595
138.19592
64.90414
47.29616
74.10464
78.52744
84.72900
69.93561
44.62622
59.89991
21.45515
5.83192
-50.63517
10.74216
82.06110
81.78584
45.04021
29.28515
23.00913
5.69230
6.13297
12.44009
21.70354
25.48898
30.43246
37.45453
39.48038
40.11987
38.94324
37.18024
35.73885
39.24744
42.10873
47.66522
45.03745
43.55089
48.03432
39.97135
39.31438
39.91747
44.40932
39.51407
43.94179
45.87535
49.30558
48.25807
44.98881
46.02911
38.65282
38.70934
39.70113
37.11275
42.39204
43.55525
37.91111
37.33725
37.77946
38.15459
38.38895
38.91667
12.84847
-28.31835
-9.22989
13.77428
-82.01234
239.59100
187.04745
51.84064
91.01553
151.57671
137.94165
147.72147
113.96385
107.19707
72.62292
84.11858
85.78133
108.34509
72.28288
33.07450
42.23665
5.03326
19.83748
-18.61892
-15.38959
80.38902
70.95798
35.88665
68.93807
37.63273
27.94994
13.45520
14.44135
29.37835
30.92666
40.83828
42.27279
44.36378
40.31647
44.78885
47.45852
42.67086
46.19420
41.58808
42.44146
41.53825
43.22949
45.87933
46.12000
43.36776
42.04309
42.16203
43.43372
37.31889
35.88251
36.80112
41.95308
43.31608
44.47977
45.86715
43.43945
46.89629
45.78199
42.50010
46.88873
45.50382
35.71865
41.16899
39.93178
42.39828
44.06493
46.57341
28.73739
-15.71056
-0.67633
18.79949
-81.65585
233.43639
216.70967
80.99448
83.85086
150.06674
149.24715
129.93289
106.98333
100.64971
90.56311
86.14615
102.98057
82.76730
31.42359
17.66345
4.58211
-3.25158
-19.61419
21.67778
77.61345
60.90432
19.38747
54.92363
45.40746
17.81108
9.49888
17.97705
33.78127
34.91930
44.82738
48.35234
51.73304
48.20356
45.20315
48.97758
44.05776
46.11554
49.62629
46.82165
47.90031
46.33348
47.82378
43.80093
42.73872
38.68622
37.12900
39.20889
39.28586
40.11150
41.13623
41.54609
44.86095
44.73741
44.24872
41.70073
44.30577
47.31647
46.23911
47.56994
48.77718
44.47387
44.01701
44.24274
45.62939
47.93595
48.24750
49.19304
31.79647
-19.43016
8.22449
20.49802
-85.70142
202.15733
228.28661
95.56844
73.76171
140.43817
125.46194
107.08765
86.77438
93.08188
67.38695
66.35129
70.11580
62.77258
54.50094
31.72258
27.40427
23.27151
51.77826
65.15240
82.29156
40.45467
69.40436
38.09818
25.59370
10.77015
15.19595
38.89954
48.97955
44.79018
46.21848
46.62627
53.94385
47.47009
47.53837
52.03006
51.90357
51.81886
48.37915
46.10488
45.39643
45.79298
42.43202
41.87127
41.41811
41.90910
39.31671
42.82434
43.44431
43.54356
46.94268
50.08205
47.65440
50.74849
48.25014
48.55190
51.44819
48.48267
50.87660
47.42791
47.52363
49.86179
43.67770
42.69823
47.91514
47.72314
48.11597
52.29948
28.67360
-20.51877
5.52065
15.54681
-85.91848
189.81320
251.02924
115.97301
69.09187
131.93994
119.40063
96.35648
82.70318
87.08347
72.18007
77.17343
81.83701
100.07025
77.67655
29.29377
64.85883
73.05976
83.29172
38.91322
71.79561
66.62152
50.63441
21.79754
19.50789
30.70319
30.80491
51.21627
54.07140
55.50086
48.49756
61.15210
59.67139
50.05239
45.22466
46.95189
53.25737
39.68893
37.48070
44.24219
47.14548
40.41795
39.90573
41.82448
41.12551
34.16365
31.97990
35.89432
39.57724
43.44555
52.29583
52.20966
52.48621
51.93078
52.57749
53.24673
52.83989
51.80746
49.09624
48.89835
45.84438
46.50476
48.71237
48.76506
49.09116
49.41407
49.21465
48.79062
27.72501
-18.86031
4.61120
15.49389
-85.70505
197.35954
257.04626
152.83179
74.32904
137.77998
128.16046
95.16532
84.75243
87.01810
101.33108
74.06038
72.98898
74.09511
-5.41651
8.79387
-10.65474
29.80903
68.68449
-43.53585
20.83712
59.06810
47.09638
-6.05495
-2.81438
30.50134
29.33558
37.70167
44.99727
40.96075
42.27201
40.62653
38.54842
41.63407
39.15197
50.70823
45.42115
39.34952
37.15517
48.48341
49.69677
42.35563
40.66306
37.09004
37.32558
32.59042
37.25587
42.15478
46.49854
41.15168
48.22943
45.75603
44.44613
45.40871
52.01257
49.14971
46.53701
53.91706
54.54772
50.69550
50.40678
51.67620
52.87762
49.28021
47.85043
49.16574
49.01096
53.28777
27.68561
-19.97971
3.48326
9.65476
-87.42084
188.57657
259.60208
134.87755
78.85102
132.56204
113.75412
91.86845
83.69937
100.39465
103.25269
68.68903
47.19747
50.66612
-12.34622
-56.57256
-55.14197
44.61128
71.72446
-15.48450
60.25478
26.99874
-17.55391
-62.41802
-20.39043
25.10057
10.66054
25.42298
29.51694
29.61972
29.35022
26.72198
30.77791
32.92802
33.63427
40.17236
33.37864
39.52930
38.70763
52.47629
45.94939
53.45329
52.86123
58.15421
48.10600
45.63871
46.82953
49.38417
29.90625
27.84663
35.32044
39.22219
40.47898
44.31910
46.62091
40.73971
39.22654
42.21721
41.64433
53.01922
58.77199
53.37947
51.74211
46.01032
51.24727
52.66049
51.30481
52.71572
29.10983
-15.69064
3.35042
7.91478
-86.33122
202.09964
247.24397
131.44632
91.71542
128.51831
112.29527
101.97704
99.26807
119.58122
91.14622
51.44185
75.53912
47.72576
-30.21543
-32.43607
20.38702
117.70426
94.54543
13.48147
39.53114
5.04799
-34.31509
-24.81396
23.55894
26.05047
14.22398
16.80347
19.63658
22.43930
25.54444
26.18606
25.79342
26.61568
32.88285
32.55504
31.30344
31.04675
35.37308
34.99253
35.34832
41.76263
58.88197
61.17134
46.68078
65.32869
39.42103
34.83692
32.75930
35.01964
24.84832
1.12333
2.13891
14.91304
14.80971
23.20690
24.06254
35.97810
39.78700
40.97789
45.25648
63.29628
49.14696
56.61214
45.81778
52.76332
54.85497
51.62336
27.34385
-14.49065
8.75275
16.10723
-91.70923
208.95233
259.12216
120.71918
84.57716
126.08496
111.27829
103.25661
121.71565
114.37788
75.29248
56.73600
55.06586
6.97932
-42.50424
6.63681
86.39996
75.28886
44.08582
28.85029
-22.01085
-7.16545
-33.22175
9.10315
28.44808
25.76228
24.58294
23.87329
25.71150
28.02445
27.53226
30.96333
27.45438
25.78480
19.73794
22.32583
19.12332
24.22113
24.08036
21.59159
19.90979
36.29449
70.49677
106.34042
109.89293
121.72536
115.20927
94.47102
52.38082
49.02739
49.41380
13.32344
-4.99345
15.25461
26.75928
17.87843
18.92071
13.54967
2.53842
18.39786
30.22098
33.21463
41.99561
53.18887
38.57261
44.04851
57.55848
55.56591
25.01707
-16.73494
8.02901
9.18032
-94.94331
204.51627
246.91628
121.71584
81.51179
127.18738
107.21355
101.13477
128.80930
98.28999
44.09543
36.82471
16.32896
-20.63111
-2.17428
15.71402
65.74909
46.51791
39.90582
26.40579
-24.22356
-15.23200
1.69651
28.73384
33.06044
35.87385
36.77984
34.86137
38.95911
38.93855
40.69376
39.35529
38.15176
36.08192
31.06320
30.02502
30.61012
27.39790
23.03211
24.18389
29.48554
45.01804
62.07367
59.96052
42.36798
59.02554
71.90813
86.41308
62.81956
108.43964
113.60109
73.08202
75.60895
73.38624
58.28440
33.87733
22.41233
12.42184
4.73661
24.35347
35.07190
26.65092
56.66237
39.72545
48.57756
47.86143
53.12584
43.68754
19.21455
-16.28315
1.75229
6.98576
-93.48273
198.58347
250.03278
126.47839
74.52498
127.91753
102.53186
101.41444
117.25768
74.87814
24.28954
27.41612
-8.64872
-27.14505
14.65212
45.65395
63.52201
41.71479
50.34995
21.09695
-1.87216
12.16704
26.94456
40.04992
43.89347
41.58350
41.15357
44.69426
45.21574
44.32693
42.08948
38.95382
36.37497
34.99999
34.49041
33.62832
32.69260
34.11205
35.21387
40.00091
37.11652
52.00800
70.76398
43.33562
47.43127
80.48529
42.20817
-11.54771
-31.08764
-36.70566
-31.90336
-15.00628
-26.49880
-0.28558
32.36807
57.66362
71.95136
74.89996
56.32486
34.17248
0.83435
10.10197
16.76950
39.67478
34.26543
62.75092
57.48042
35.76653
18.59136
-21.25151
1.88190
14.72119
-90.61679
197.94983
242.40872
119.52939
70.98682
122.99361
99.48508
105.88151
107.80254
47.24507
23.52221
8.78776
-21.20308
-29.85023
40.42848
114.87259
67.75709
46.36420
48.01172
20.89685
15.41281
17.67472
43.60112
42.23973
43.20158
42.77633
43.68344
45.28609
46.50539
46.39666
45.38574
42.78349
37.74779
40.53143
39.31873
36.62534
37.90924
39.40708
40.73977
41.26117
45.99601
66.70810
87.80656
100.94160
88.09885
65.45527
42.81075
12.04424
9.10224
20.74134
9.46460
-13.96082
-0.87384
-4.79628
-12.42169
-35.10925
-34.52225
-25.14704
-58.27268
-17.32307
-3.80881
-24.20269
1.62770
26.64611
46.25905
46.72874
35.26316
34.54799
19.15536
-21.04708
5.99432
14.87217
-92.34753
192.69250
234.89243
117.33099
72.15008
115.53633
96.80251
109.91422
84.24781
35.90411
25.90628
17.13679
-26.88809
-5.30504
67.73360
99.34032
52.36840
44.85186
37.49285
-3.36013
8.52131
27.02041
44.93596
30.54552
29.22100
31.29491
31.14866
34.14819
36.61922
36.78801
35.33162
34.25430
32.46583
35.78656
38.30340
39.60133
41.58196
47.77222
49.79461
42.56660
44.40510
58.77403
62.58440
42.35327
13.32156
9.83445
-4.87131
-3.36182
17.27901
38.18737
61.31111
78.23559
75.00786
67.58971
51.02861
65.72726
9.91776
-30.09053
-25.18099
-60.67299
-14.88222
-10.87017
21.99813
48.42275
32.71456
63.37314
42.54964
33.84261
17.58812
-33.48983
8.62349
30.93804
-81.59253
188.60941
228.59821
116.35375
68.65145
111.67783
106.97162
112.21281
76.79642
29.90927
22.72492
-8.68644
-6.73200
3.58369
85.66850
88.66806
42.59566
65.72218
28.10997
10.49493
12.65254
40.01143
40.70303
23.31150
20.29107
24.68561
25.81594
29.85373
28.60146
26.21906
24.40983
20.05575
19.00694
23.53588
30.44367
39.80122
45.93518
50.81367
50.81574
42.87916
43.14327
50.37175
50.11722
34.12906
3.55571
6.56135
8.56942
16.43545
31.74254
27.34711
30.93961
28.48285
20.81784
22.08569
14.46957
23.08321
32.79144
7.03137
-5.42099
55.30962
43.45905
21.18205
78.08867
62.63914
18.57062
65.45847
63.02417
58.71442
26.21947
-20.49582
23.37116
34.82944
-85.71804
181.90125
227.68004
115.04541
66.30816
105.40646
113.91257
106.47098
60.71774
20.05495
32.71112
10.57654
-2.58979
16.54983
83.81378
54.83523
34.90090
72.25472
32.87154
16.88896
47.76620
62.63857
38.27979
27.19286
25.32253
32.15777
33.81399
39.06925
37.06938
36.44810
35.95714
36.36811
36.62202
37.95415
40.71865
46.11458
53.78215
51.70760
46.43904
41.16053
46.43768
47.19733
47.21539
40.08409
27.36144
31.04174
31.72775
31.04024
24.33063
20.19627
19.68646
17.05991
14.87200
22.71120
29.27849
27.78871
3.66061
5.31224
1.68757
28.70996
44.39381
10.79006
85.96097
23.25161
29.86935
80.78123
69.33678
45.61415
31.59231
-9.81263
33.36663
23.54199
-114.85020
178.61327
228.16588
113.69484
61.15862
108.10052
105.81543
102.68639
59.41621
46.44074
65.33553
-38.25818
0.89235
-8.65745
55.62209
3.86992
57.24910
38.91335
5.79578
16.40096
25.43609
51.16299
29.78885
13.11956
22.97625
33.30164
42.65325
45.40381
42.97821
43.00170
42.69033
47.68764
50.99792
55.58591
58.25320
62.18909
64.02565
54.32342
42.93926
39.94143
44.29413
43.51731
42.87846
39.06531
37.09716
40.36899
40.21827
41.12763
39.84863
33.79749
35.44830
28.49708
22.20529
20.58537
18.34849
12.32714
-1.08580
7.87635
15.99485
33.87167
14.54722
-3.78935
103.53990
32.29543
64.24963
81.12579
63.45617
62.38031
38.99988
-15.32745
8.59857
-20.36776
-124.18559
173.27081
229.79379
109.31093
62.47631
115.19017
104.49174
107.45596
71.39781
60.05596
79.36311
-24.86258
18.90727
58.12582
78.64964
13.24182
63.22924
16.95270
3.46606
-9.20291
39.15578
51.59938
6.79649
4.46956
21.50406
34.09042
34.56815
29.79099
30.35081
34.43301
36.40549
39.99651
45.12346
40.98637
37.15363
44.86074
48.23461
38.68242
32.49588
36.42543
41.21642
42.08138
42.36771
39.33337
41.50014
41.97062
42.32021
44.03986
43.53127
42.65648
44.65400
42.69457
39.25481
35.80289
35.48169
32.16351
25.94437
35.94461
41.95583
46.82579
29.58146
5.81188
79.22110
28.86018
90.65405
95.43519
85.98276
94.76465
26.32915
-51.48344
-22.34647
-20.67467
-145.79340
168.55556
228.03773
109.55603
64.11143
120.69547
108.20612
124.03735
111.70799
64.40685
74.75760
32.73109
72.50864
106.21828
91.73457
53.20882
72.72716
3.55157
6.25586
-7.34249
40.06519
31.39947
-17.38417
4.78595
22.15938
32.44672
30.55518
29.31377
23.59613
24.77538
31.69767
32.13506
32.22090
27.04362
24.43688
29.18516
26.94003
21.63102
28.52463
35.38149
38.42259
44.34722
42.80215
40.17739
40.15541
43.56911
43.81335
45.28693
46.62368
44.80958
43.69844
42.51083
43.00860
44.38770
44.88684
40.61861
35.07351
43.71930
45.08901
61.00601
47.76647
33.73613
77.95626
29.53400
68.78944
79.77866
70.50893
59.11920
5.75665
-71.34431
-67.95780
-55.48400
-130.05165
166.82759
232.95705
115.87133
55.96218
113.06415
98.88556
124.49841
124.57646
103.77451
88.24956
70.75475
125.34792
170.14297
99.51083
61.22655
34.56746
-3.56687
3.98524
7.31086
6.54540
-8.20236
-26.60551
18.04997
24.00590
37.21734
43.47393
38.41833
27.05209
20.78105
27.86658
33.81918
37.95510
53.00925
47.11004
39.00446
33.47874
32.14856
30.65979
40.49536
43.55937
37.49119
51.99924
49.05714
39.49767
40.03981
37.50515
48.63252
52.84747
47.63741
47.29492
49.61531
48.07483
52.34213
48.32718
40.20595
43.31983
48.69152
40.64953
64.60651
54.04395
65.97388
72.04460
44.35017
103.66293
113.17210
85.74010
15.31097
-78.36107
-118.85820
-104.37228
-64.04026
-109.62744
165.34874
239.37367
111.14711
45.84815
106.23136
103.06297
114.42775
111.34834
102.95096
115.60732
124.97856
146.99129
190.37338
119.63062
90.23452
37.85839
28.46881
60.30392
40.52303
-9.39255
-12.32238
4.46907
36.77462
40.13969
41.32774
63.99067
45.71769
41.63192
38.62037
45.85318
35.24399
52.38168
47.61179
47.72143
55.42880
59.52698
48.51864
45.87288
62.91986
67.39740
52.67095
52.85126
48.70689
43.80157
37.19114
31.60080
35.13565
50.42524
46.96383
44.68521
46.29241
54.40809
62.70869
58.04310
48.80983
64.90538
74.39066
60.28239
49.32756
65.89798
97.94624
59.17608
53.22831
114.70213
72.54261
54.97451
-26.34676
-40.54377
-85.30959
-35.21439
11.20730
-92.16022
167.95740
246.94046
108.77077
26.35550
98.76653
81.30174
93.69739
141.87155
136.36104
152.60887
137.07950
181.91960
149.81911
32.97149
64.74893
27.66610
60.41333
88.84253
62.60147
-20.22082
-14.45889
13.41943
37.32471
53.07071
57.39124
63.89895
46.05551
46.28775
34.94198
37.34017
36.10976
45.63492
42.54240
36.01260
39.98538
45.17388
49.24358
55.92187
67.31620
84.37978
52.34512
58.24071
43.24697
33.25146
29.64913
43.15253
29.11451
45.01686
56.98589
46.89006
39.53599
56.24130
68.34478
60.23258
63.85824
63.27784
71.19350
49.92003
29.81084
63.07552
69.30046
26.05744
15.59470
102.37234
28.48913
8.68961
-19.66920
-23.85376
-62.47507
-37.48283
-36.35955
-87.38579
173.32065
247.69344
98.96056
9.85283
91.21367
81.21692
95.23401
159.43591
153.68437
143.68164
119.05252
156.28188
20.06767
-1.47410
27.07503
13.98821
54.36168
40.33483
21.11967
-60.14405
4.25012
24.44361
28.75861
46.19110
17.94180
54.19956
33.61031
35.96793
5.44155
12.63861
14.54477
16.72040
20.76989
17.42435
15.50904
25.22345
42.78229
39.91573
64.87540
100.79858
30.77266
71.91328
35.56199
33.32556
45.19868
24.68072
17.70141
51.84557
56.20770
30.55650
31.11824
59.07816
68.05832
78.14101
91.10397
86.44405
79.30254
46.58175
60.18768
40.71863
55.39497
37.03372
-6.61673
41.58862
11.50872
14.74203
20.95243
-2.78520
-53.90957
-17.01721
2.61872
-103.68401
169.51511
248.49706
81.19011
-21.81339
96.54356
77.36255
117.64955
179.05225
129.99873
141.11737
153.99184
70.60109
-52.28847
-24.81696
3.86676
0.16868
35.96873
0.68094
-39.63919
-9.26635
-20.30358
-18.82015
18.30506
39.37886
-4.12731
28.03874
45.78595
11.07238
-8.73111
13.73339
34.84050
27.43134
30.30772
27.07904
26.72987
25.13001
15.04230
-7.18934
34.07653
64.54958
34.58017
41.14559
37.74796
40.08778
38.79454
55.15327
24.70655
51.18462
47.85028
50.00202
46.80694
67.45586
76.70244
86.80829
92.25993
73.54123
71.78868
61.04974
31.79696
61.05920
65.38224
69.28868
58.93046
48.79097
59.43903
4.64684
66.37495
32.75574
-26.98811
-5.23228
22.80703
-111.24602
152.00705
238.47920
70.85812
-34.32171
72.44073
79.58433
136.53847
196.15086
138.08554
135.06157
97.75969
20.84637
-80.89038
-18.49802
40.25802
70.24637
65.58231
-31.52091
-54.60175
-2.29559
43.03252
32.19288
48.49586
25.94100
3.79513
41.38682
17.70746
-3.94122
14.93632
44.86482
49.45826
39.39552
54.63214
43.63634
41.22257
34.50416
45.31605
15.82637
8.50060
37.05882
34.42975
60.03021
69.90828
70.11074
46.33078
59.07528
22.53370
30.80475
31.16704
20.26862
42.20566
68.63171
52.86819
69.74271
97.19560
62.65337
75.57820
38.48021
7.80751
55.50934
42.72898
71.05687
73.22778
49.56625
69.70869
24.31626
57.88109
18.94083
-63.50676
-17.79873
22.41971
-134.76160
143.25761
239.87085
71.16821
-28.21947
79.13550
91.35355
156.40030
193.15698
141.33951
92.88433
101.41491
-6.06648
-16.44257
16.67068
65.72959
98.08451
60.00485
5.03841
-7.33487
58.21923
79.47447
69.73196
47.34969
10.45011
5.00227
14.76982
-5.70308
-5.85864
1.22001
12.29111
0.81800
12.70839
23.91812
13.93663
22.82307
37.36977
47.66543
22.39140
11.94235
37.87631
18.39320
26.25782
48.49551
14.17011
40.66833
54.09498
21.44515
14.58050
8.12096
40.24650
57.74183
61.95634
48.88869
36.57710
65.31754
56.18941
34.53843
23.10159
7.64473
51.20401
41.24932
123.70508
93.95016
65.26102
87.68914
22.06053
41.57286
-4.86556
-82.20779
-37.71193
10.59851
-128.39383
160.94040
247.02101
80.67825
-8.69383
68.20827
74.20704
140.37012
191.03271
102.86163
26.97508
81.06640
37.76404
36.32573
19.83637
59.67564
55.29771
26.44302
25.20844
18.42964
54.31158
75.13690
34.35816
22.54865
20.24049
8.30878
-11.26571
-25.86342
1.94187
4.82347
-1.74254
13.08099
30.88284
20.87336
3.11991
11.54800
31.11890
41.07983
21.72409
17.11269
29.55655
43.54668
53.99654
45.32574
17.06773
19.67316
39.01249
15.00385
1.58222
-3.27953
-1.48166
21.10588
31.18291
14.76564
33.74748
37.12976
10.86074
0.77111
42.84397
49.90498
15.91109
36.91241
75.64605
77.33199
75.58694
104.79086
78.81091
2.28342
-8.70257
-62.08762
-43.53775
-3.90027
-131.07759
139.41330
205.53339
113.05647
0.69402
100.33202
87.39764
155.59909
151.67328
83.81173
-4.66306
55.74106
42.02641
24.98203
34.39583
41.33274
24.67351
36.20231
41.36665
48.55235
108.76333
78.39241
27.45619
16.06317
27.07391
41.20832
14.57583
-14.41162
-3.46524
1.33494
14.38436
21.12520
38.19073
21.12800
16.46824
26.14319
35.10111
25.73188
33.47454
10.12281
-0.33812
26.84490
44.45267
70.96033
64.77905
51.65143
36.29563
60.79382
54.48087
22.14775
51.53443
47.65242
37.40910
51.93071
6.60215
-3.81516
-11.30387
-1.14809
27.23311
17.07535
22.83090
52.99632
128.26204
119.02929
79.60223
100.56930
47.36326
38.57535
-6.53269
-58.23881
-36.78774
11.91108
-130.81200
127.26295
201.99940
119.91406
-4.84170
73.63370
98.47310
154.84909
141.57512
94.07655
-8.67688
42.51208
56.89306
12.23242
59.34042
50.93006
76.78670
104.22785
130.96022
123.38722
96.97929
63.00415
38.84169
56.89770
50.23247
32.66927
39.89019
43.72482
19.05440
21.46738
5.06437
20.81516
31.84695
19.06798
-2.63940
-8.79635
9.75957
-13.47834
-6.33031
-1.16346
-4.65447
-3.69035
8.74033
17.47336
-7.53327
-10.35644
20.20726
64.96500
73.64800
59.16401
53.74984
67.31972
77.06514
45.30360
5.68690
14.97797
38.10875
34.20946
41.46983
57.41854
119.15762
131.86578
115.21205
95.28468
89.63326
47.20512
26.51818
21.48051
-18.68404
-57.35627
-33.61802
8.47498
-130.14044
133.24428
206.82114
125.92254
6.24815
94.19518
155.80693
110.73596
104.43403
61.59823
7.75964
-11.12732
-9.81473
-12.19962
88.96739
62.82500
91.73004
104.95860
126.88827
119.36816
88.49292
76.55385
68.81383
67.97404
57.25658
52.24141
41.99240
55.36120
68.76353
72.77026
37.49475
73.53552
57.56004
42.93085
53.01296
-17.02054
37.43138
47.39072
35.23964
16.15436
-9.63453
-9.69735
11.82121
18.97514
4.42252
0.11494
31.30864
57.85610
51.55112
36.08180
33.15729
38.14483
21.24992
20.69054
-26.73318
3.64999
27.52553
-0.59825
-0.06946
49.33323
95.81703
72.82927
30.28556
17.41972
3.94011
-57.86455
-56.71103
-21.53682
-25.23276
-56.87606
-33.62883
25.35704
-87.74368
157.03990
226.96191
112.71312
50.46941
140.24863
144.84737
134.87950
71.10490
25.55693
-9.80201
-62.55219
-36.10078
-51.96941
68.63035
70.29331
75.03763
69.98951
88.81474
95.14478
79.06677
81.72581
90.94546
84.89630
69.84025
68.48071
69.37636
63.32197
52.31244
50.73743
60.94254
88.92594
80.27333
66.41621
33.71603
54.98249
108.70423
63.32529
44.30928
56.21912
25.24694
34.56590
59.28239
76.08623
47.44516
40.54915
91.21996
74.37429
72.41508
47.35941
30.23783
8.55222
11.59076
-10.52630
-31.80793
-11.48135
-21.92043
-0.71356
-23.11858
45.91472
29.01870
-5.68174
5.99882
-4.86312
-29.56695
-91.54945
-70.23261
-0.23444
-8.94138
-36.72221
20.96233
30.82556
-90.86760
178.88617
236.11221
96.48622
90.08286
124.57703
116.34710
107.09647
61.68262
38.47641
18.00667
-36.00294
-2.54389
0.54346
97.61814
82.40771
73.36453
48.53761
56.10375
84.46254
73.23276
73.55093
112.11314
93.61443
79.34638
84.96928
65.68923
74.22461
102.56824
97.36313
72.95018
88.35622
57.59084
37.30748
35.94636
48.88208
59.12293
29.81436
26.86694
41.51672
51.62136
78.91553
64.24067
77.27978
91.03194
81.26919
98.32946
95.66364
64.92644
56.33122
72.05771
68.49013
53.62504
52.34776
23.94199
42.37971
23.34901
43.98709
31.53764
43.62748
-4.16216
11.94157
-13.05577
-39.98987
-32.18164
-19.72809
41.46318
45.79028
-3.38817
-42.23784
1.43084
-9.29038
-85.27467
176.97659
216.51208
113.02874
94.72774
131.83525
125.01803
102.87611
73.06699
40.68008
30.53163
-2.30434
-14.90641
25.87358
67.05019
73.94395
87.55502
67.45115
74.23033
75.93326
63.50604
96.25111
105.29771
88.77065
75.30595
91.26524
92.63373
82.11352
94.47913
93.78598
88.50009
87.61369
90.54193
70.17278
61.16140
76.54790
63.89773
37.87241
37.50811
58.75317
50.73606
44.55511
63.39896
72.25342
83.29337
79.68844
118.43562
61.09815
42.23154
65.00745
92.03701
69.64169
68.51225
64.84976
73.21870
69.70319
89.78230
87.82816
53.94490
72.38147
25.79638
46.75943
3.28525
9.55829
42.84929
59.22392
81.01866
94.13324
39.06047
-7.64329
52.40031
19.04236
-108.15779
115.52493
187.40585
-16.89668
-2.47531
40.85022
16.81989
15.46006
9.28994
-41.24833
-38.30103
-56.19043
-59.28241
-45.85397
-4.28846
-31.91629
23.76632
-2.20057
-13.21691
12.11047
10.22562
10.80867
11.20871
-7.07552
-9.14219
4.53315
16.54312
18.53675
28.08470
22.74396
22.90815
-19.75081
-4.04560
10.54058
15.63524
3.76617
1.98299
18.46597
14.81107
7.64855
6.85548
11.56191
-1.49736
6.11728
-0.93937
-22.29656
-33.16575
-44.02128
-37.15873
-25.34551
-19.71086
-39.19946
-34.21203
-48.19854
-46.28479
-45.85327
-49.63708
-15.64262
9.90794
35.63078
-16.11847
9.74704
-32.87752
-13.15701
-13.72306
9.55336
17.19179
-18.85227
-106.14031
-121.29265
-35.86046
-59.30185
-142.61943
1.55054
-103.27559
-84.53783
-103.60931
-33.20961
-40.34359
-28.34535
-31.03559
-62.19414
-63.94329
-45.88372
-53.62189
3.15279
-9.70208
-67.55397
-61.39796
-60.60457
-75.96028
-77.49176
-64.48190
-55.62039
-53.93589
-42.40737
-40.89503
-33.33500
-27.22367
-65.72881
-76.97617
-68.88902
-73.35851
-59.51517
-35.42881
-35.16864
-41.08797
-48.62222
-27.48789
-23.02318
-33.29921
-38.60914
-54.37245
-46.95903
-37.91001
-39.47883
-46.98833
-68.24815
-79.84255
-61.42033
-75.97047
-81.92348
-85.75334
-98.64590
-113.25317
-105.53741
-72.10583
-98.03334
-117.85273
-119.88362
-99.75456
-78.86994
-105.21657
-92.70503
-99.69681
-81.37655
-61.33982
-56.15089
-69.83335
-92.47540
-141.69185
-144.51738
-61.87356
-12.48163
-64.80434
-35.60526
-203.38425
-231.33286
-130.89420
-119.43465
-116.51009
-93.12209
-88.61828
-114.75235
-122.96078
-73.98315
-27.13702
-2.30836
-17.82245
-41.69739
-55.11555
-92.67316
-94.00000
-80.62436
-74.32260
-79.34238
-80.15298
-73.05682
-56.70079
-44.88027
-42.87657
-67.65436
-82.60462
-93.71449
-91.89014
-85.56604
-66.75140
-59.73496
-70.15800
-81.91647
-88.33084
-89.39390
-80.98506
-95.13443
-95.09590
-83.51507
-89.36550
-89.17554
-91.58633
-98.02558
-96.51160
-91.05154
-98.22282
-89.39909
-97.77295
-85.90654
-84.02990
-76.28284
-64.63975
-80.90215
-98.01393
-82.16372
-61.67774
-54.56526
-67.04031
-47.51426
-52.83883
-63.34897
-69.32244
-77.79408
-75.68071
-67.77249
-87.08709
-98.04890
-58.46231
-12.55795
25.67936
