0.00000
1.00000
1.00000
0.01852
-0.60850
0.01852
-0.60850
0.00000
1.00000
1.00000
0.23427
-0.60313
0.23427
-0.60313
0.00000
1.00000
1.00000
0.07114
-0.67669
0.07114
-0.67669
0.00000
1.00000
1.00000
0.09210
-0.41510
0.09210
-0.41510
0.00000
1.00000
1.00000
0.14124
-0.22072
0.14124
-0.22072
0.00000
1.00000
1.00000
0.17314
-0.25766
0.17314
-0.25766
0.00000
1.00000
1.00000
0.13288
-0.28312
0.13288
-0.28312
0.00000
1.00000
1.00000
0.19557
-0.52415
0.19557
-0.52415
0.00000
1.00000
1.00000
0.20414
-0.53538
0.20414
-0.53538
0.00000
1.00000
1.00000
0.23368
-0.75038
0.23368
-0.75038
0.00000
1.00000
1.00000
0.23130
-0.79133
0.23130
-0.79133
0.00000
1.00000
1.00000
0.25625
-0.58399
0.25625
-0.58399
0.00000
1.00000
1.00000
0.29181
-0.55011
0.29181
-0.55011
0.00000
1.00000
1.00000
0.31272
-0.44438
0.31272
-0.44438
0.00000
1.00000
1.00000
0.29427
-0.35911
0.29427
-0.35911
0.00000
1.00000
1.00000
0.30771
-0.28045
0.30771
-0.28045
0.00000
1.00000
1.00000
0.31044
-0.12141
0.31044
-0.12140
0.00000
1.00000
1.00000
0.32899
-0.08354
0.32899
-0.08354
0.00000
1.00000
1.00000
0.33482
-0.08474
0.33482
-0.08474
0.00000
1.00000
1.00000
0.35888
-0.06360
0.35888
-0.06360
0.00000
1.00000
1.00000
0.35903
-0.06521
0.35903
-0.06521
0.00000
1.00000
1.00000
0.37550
-0.09769
0.37550
-0.09769
0.00000
1.00000
1.00000
0.39016
-0.03436
0.39016
-0.03431
0.00000
1.00000
1.00000
0.37717
-0.02001
0.37717
-0.01997
0.00000
1.00000
1.00000
0.42610
-271034.75000
0.42610
271035.43750
0.00000
1.00000
1.00000
0.49919
-0.07442
0.49919
0.07526
0.00000
1.00000
1.00000
0.42011
-0.06854
0.42011
-0.06798
0.00000
1.00000
1.00000
0.42767
-0.03822
0.42767
0.08814
0.00000
1.00000
1.00000
0.42033
-0.16101
0.42033
-0.16101
0.00000
1.00000
1.00000
0.45659
-0.21889
0.45659
-0.21889
0.00000
1.00000
1.00000
0.46431
-0.18214
0.46431
-0.18214
0.00000
1.00000
1.00000
0.46549
-0.11873
0.46549
-0.11873
0.00000
1.00000
1.00000
0.49915
-0.15496
0.49915
-0.15496
0.00000
1.00000
1.00000
0.51063
-0.18028
0.51063
-0.18028
0.00000
1.00000
1.00000
0.51144
-0.16953
0.51144
-0.16952
0.00000
1.00000
1.00000
0.52820
-0.15293
0.52820
-0.15292
0.00000
1.00000
1.00000
0.53886
-0.13525
0.53886
-0.13524
0.00000
1.00000
1.00000
0.55204
-0.14055
0.55204
-0.14055
0.00000
1.00000
1.00000
0.55706
-0.10961
0.55706
-0.10958
0.00000
1.00000
1.00000
0.57887
-0.11090
0.57887
-0.11086
0.00000
1.00000
1.00000
0.59359
-0.10658
0.59359
-0.10653
0.00000
1.00000
1.00000
0.60602
-0.09464
0.60602
-0.09457
0.00000
1.00000
1.00000
0.62440
-0.10777
0.62440
-0.10771
0.00000
1.00000
1.00000
0.63055
-0.10685
0.63055
-0.10679
0.00000
1.00000
1.00000
0.64357
-0.09812
0.64357
-0.09807
0.00000
1.00000
1.00000
0.65736
-0.09163
0.65736
-0.09154
0.00000
1.00000
1.00000
0.67116
-0.08714
0.67116
-0.08705
0.00000
1.00000
1.00000
0.68644
-0.08085
0.68644
-0.08077
0.00000
1.00000
1.00000
0.70301
-0.08831
0.70301
-0.08824
0.00000
1.00000
1.00000
0.71274
-0.07536
0.71274
-0.07524
0.00000
1.00000
1.00000
0.72900
-0.07961
0.72900
-0.07948
0.00000
1.00000
1.00000
0.74110
-0.06561
0.74110
-0.06544
0.00000
1.00000
1.00000
0.75819
-0.07411
0.75819
-0.07398
0.00000
1.00000
1.00000
0.77075
-0.07150
0.77075
-0.07135
0.00000
1.00000
1.00000
0.78672
-0.08328
0.78672
-0.08316
0.00000
1.00000
1.00000
0.79795
-0.08003
0.79795
-0.07995
0.00000
1.00000
1.00000
0.81721
-0.08728
0.81721
-0.08718
0.00000
1.00000
1.00000
0.82682
-0.07740
0.82682
-0.07731
0.00000
1.00000
1.00000
0.84349
-0.07978
0.84349
-0.07962
0.00000
1.00000
1.00000
0.85653
-0.07432
0.85653
-0.07420
0.00000
1.00000
1.00000
0.87307
-0.07979
0.87307
-0.07967
0.00000
1.00000
1.00000
0.88532
-0.07715
0.88532
-0.07707
0.00000
1.00000
1.00000
0.90031
-0.07999
0.90031
-0.07987
0.00000
1.00000
1.00000
0.91374
-0.07302
0.91374
-0.07293
0.00000
1.00000
1.00000
0.93029
-0.07649
0.93029
-0.07645
0.00000
1.00000
1.00000
0.93611
0.01428
0.93611
0.01459
0.00000
1.00000
1.00000
0.99911
0.06971
0.99911
0.06990
0.00000
1.00000
1.00000
1.07528
-125859920.00000
1.07528
125859920.00000
0.00000
1.00000
1.00000
-0.04796
-0.95970
-0.04796
-0.95970
0.00000
1.00000
1.00000
0.33603
-1.07547
0.33603
-1.07547
0.00000
1.00000
1.00000
0.41548
-1.34233
0.41548
-1.34233
0.00000
1.00000
1.00000
0.49879
-1.12786
0.49879
-1.12786
0.00000
1.00000
1.00000
0.50826
-7.27057
0.50826
6.05263
0.00000
1.00000
1.00000
0.41909
-5108.25391
0.41909
5107.20117
0.00000
1.00000
1.00000
0.37152
-0.60440
0.37152
-0.60439
0.00000
1.00000
1.00000
0.33593
-0.84225
0.33593
-0.84225
0.00000
1.00000
1.00000
0.36282
-0.93070
0.36282
-0.93070
0.00000
1.00000
1.00000
0.44374
-1.33101
0.44374
-1.33101
0.00000
1.00000
1.00000
0.50480
-1.18605
0.50480
-1.18605
0.00000
1.00000
1.00000
0.62596
-0.99981
0.62596
-0.99981
0.00000
1.00000
1.00000
0.67974
-0.90260
0.67974
-0.90259
0.00000
1.00000
1.00000
0.68175
-0.88246
0.68175
-0.87915
0.00000
1.00000
1.00000
0.70915
-0.92586
0.70915
-0.67260
0.00000
1.00000
1.00000
0.69583
-620.75018
0.69583
619.40948
0.00000
1.00000
1.00000
0.70487
-4428.07861
0.70487
4426.87061
0.00000
1.00000
1.00000
0.65259
-24.91816
0.65259
23.70095
0.00000
1.00000
1.00000
0.65991
-0.88954
0.65991
-0.30771
0.00000
1.00000
1.00000
0.64897
-0.65788
0.64897
-0.65775
0.00000
1.00000
1.00000
0.68601
-0.69930
0.68601
-0.69929
0.00000
1.00000
1.00000
0.71427
-0.70634
0.71427
-0.70630
0.00000
1.00000
1.00000
0.48064
-0.20367
0.48064
-0.20257
0.00000
1.00000
1.00000
0.47763
-0.89403
0.47763
0.46534
0.00000
1.00000
1.00000
0.55641
-0.64295
0.55641
0.47529
0.00000
1.00000
1.00000
0.54056
-0.22009
0.54056
-0.22003
0.00000
1.00000
1.00000
0.53647
-0.28828
0.53647
-0.28827
0.00000
1.00000
1.00000
0.58477
-0.36720
0.58477
-0.36717
0.00000
1.00000
1.00000
0.61176
-0.29409
0.61176
-0.29370
0.00000
1.00000
1.00000
0.62436
-0.26037
0.62436
-0.21948
0.00000
1.00000
1.00000
0.62282
-0.22344
0.62282
-0.21341
0.00000
1.00000
1.00000
0.63885
-0.25074
0.63885
-0.24642
